f	2L_ET
1.0	0.9755630062487131
2.0	0.9743939096745668
3.0	0.9724474522927725
4.0	0.9697266845154463
5.0	0.966235868829021
6.0	0.9619804712181511
7.0	0.9569671504310019
8.0	0.9512037449210567
9.0	0.9446992574795698
10.0	0.9374638375944362
11.0	0.929508761575995
12.0	0.9208464104934659
13.0	0.9114902459703415
14.0	0.9014547838922078
15.0	0.8907555660847579
16.0	0.8794091300248118
17.0	0.8674329766504009
18.0	0.8548455363410493
19.0	0.8416661331429083
20.0	0.8279149473170537
21.0	0.813612976293279
22.0	0.7987819941146068
23.0	0.7834445094613591
24.0	0.7676237223463407
25.0	0.7513434795755671
26.0	0.7346282290715324
27.0	0.7175029731582413
28.0	0.6999932209094079
29.0	0.6821249396629909
30.0	0.6639245058069045
31.0	0.6454186549420452
32.0	0.626634431529926
33.0	0.6075991381330363
34.0	0.588340284356675
35.0	0.568885535601351
36.0	0.5492626617349359
37.0	0.5294994857936134
38.0	0.5096238328202612
39.0	0.4896634789482424
40.0	0.46964610083767455
41.0	0.4495992255701206
42.0	0.4295501811062101
43.0	0.4095260474091124
44.0	0.3895536083348927
45.0	0.36965930438869404
46.0	0.34986918644338527
47.0	0.33020887051475567
48.0	0.31070349368462596
49.0	0.29137767126027214
50.0	0.27225545525543093
51.0	0.2533602942748285
52.0	0.2347149948806521
53.0	0.2163416845157306
54.0	0.19826177605432702
55.0	0.18049593404747946
56.0	0.1630640427256888
57.0	0.14598517581749218
58.0	0.12927756823809208
59.0	0.11295858969771846
60.0	0.09704472027481818
61.0	0.0815515279945093
62.0	0.06649364844797738
63.0	0.051884766483704034
64.0	0.03773759999655273
65.0	0.02406388583584303
66.0	0.010874367848633819
67.0	-0.001821212930509391
68.0	-0.01401412593692088
69.0	-0.02569665657899731
70.0	-0.03686210959061127
71.0	-0.047504810241138916
72.0	-0.05762010341629717
73.0	-0.06720435058775459
74.0	-0.07625492469419107
75.0	-0.08477020296109541
76.0	-0.09274955769114293
77.0	-0.100193345061417
78.0	-0.10710289196806959
79.0	-0.11348048096322289
80.0	-0.11932933333298526
81.0	-0.12465359036939228
82.0	-0.12945829289287059
83.0	-0.1337493590854505
84.0	-0.13753356069841977
85.0	-0.14081849770140625
86.0	-0.143612571442984
87.0	-0.14592495639582903
88.0	-0.1477655705621832
89.0	-0.14914504461792027
90.0	-0.15007468987584055
91.0	-0.15056646515094624
92.0	-0.1506329426123607
93.0	-0.15028727270825318
94.0	-0.14954314825160747
95.0	-0.14841476775593374
96.0	-0.1469167981110547
97.0	-0.1450643366899107
98.0	-0.14287287297791468
99.0	-0.14035824981674982
100.0	-0.13753662435464106
101.0	-0.13442442879504618
102.0	-0.13103833103540527
103.0	-0.12739519528706192
104.0	-0.12351204276672637
105.0	-0.11940601254889302
106.0	-0.11509432266746074
107.0	-0.11059423155342965
108.0	-0.10592299989397927
109.0	-0.10109785299645999
110.0	-0.09613594373887585
111.0	-0.09105431618629095
112.0	-0.08586986995027575
113.0	-0.08059932536601747
114.0	-0.07525918955906973
115.0	-0.06986572347090467
116.0	-0.06443490990948073
117.0	-0.05898242268794401
118.0	-0.053523596911358516
119.0	-0.048073400468018036
120.0	-0.04264640677843512
121.0	-0.03725676885154737
122.0	-0.03191819469402995
123.0	-0.02664392411486926
124.0	-0.021446706963554822
125.0	-0.0163387828363657
126.0	-0.01133186228132408
127.0	-0.006437109528412355
128.0	-0.001665126767666801
129.0	0.0029740600062571378
130.0	0.007471013568480723
131.0	0.01181689644671341
132.0	0.01600348030595282
133.0	0.02002315373254503
134.0	0.023868928419039457
135.0	0.027534443755204002
136.0	0.03101396983444277
137.0	0.03430240888867693
138.0	0.03739529516850312
139.0	0.040288793289114846
140.0	0.042979695066063674
141.0	0.04546541486842741
142.0	0.04774398352034783
143.0	0.04981404078517662
144.0	0.05167482646963533
145.0	0.05332617018843011
146.0	0.05476847983266894
147.0	0.05600272878819595
148.0	0.05703044195258155
149.0	0.05785368060198041
150.0	0.05847502616138646
151.0	0.05889756293397516
152.0	0.05912485984721699
153.0	0.05916095127527354
154.0	0.05901031699884514
155.0	0.058677861365120355
156.0	0.05816889171178642
157.0	0.05748909612018573
158.0	0.05664452056365682
159.0	0.05564154551786317
160.0	0.0544868621005061
161.0	0.053187447808223216
162.0	0.05175054191870303
163.0	0.050183620626096596
164.0	0.04849437197767571
165.0	0.04669067067938775
166.0	0.04478055283747487
167.0	0.0427721907026827
168.0	0.040673867482764706
169.0	0.03849395228801506
170.0	0.03624087527342094
171.0	0.03392310303973547
172.0	0.0315491143543314
173.0	0.029127376251105026
174.0	0.02666632056697655
175.0	0.024174320970674127
176.0	0.021659670537498125
177.0	0.019130559921658206
178.0	0.01659505617555493
179.0	0.014061082263044773
180.0	0.01153639731130435
181.0	0.009028577643387506
182.0	0.006544998630962202
183.0	0.004092817404034936
184.0	0.0016789564517178009
185.0	-0.0006899118547160667
186.0	-0.00300737978811233
187.0	-0.005267317815576246
188.0	-0.007463887149951897
189.0	-0.009591551283087207
190.0	-0.011645086484325176
191.0	-0.013619591250667598
192.0	-0.015510494698064488
193.0	-0.01731356388628514
194.0	-0.019024910072816023
195.0	-0.020640993894199877
196.0	-0.022158629476170102
197.0	-0.023574987476836624
198.0	-0.02488759707003958
199.0	-0.02609434687879404
200.0	-0.027193484871497274
201.0	-0.02818361723625432
202.0	-0.029063706251288
203.0	-0.029833067171931515
204.0	-0.030491364157150504
205.0	-0.031038605260896676
206.0	-0.031475136515856976
207.0	-0.03180163513932117
208.0	-0.0320191018929427
209.0	-0.03212885263011065
210.0	-0.03213250906647607
211.0	-0.03203198881088448
212.0	-0.03182949469555023
213.0	-0.03152750344576851
214.0	-0.03112875373079084
215.0	-0.030636233638690176
216.0	-0.03005316761910818
217.0	-0.029383002938710153
218.0	-0.028629395694970042
219.0	-0.02779619643456726
220.0	-0.026887435423201864
221.0	-0.025907307614019125
222.0	-0.024860157362085928
223.0	-0.023750462932473806
224.0	-0.022582820849481884
225.0	-0.021361930134380057
226.0	-0.02009257647876368
227.0	-0.01877961640019709
228.0	-0.017427961426279795
229.0	-0.016042562352601573
230.0	-0.01462839361926491
231.0	-0.013190437849748616
232.0	-0.011733670594864739
233.0	-0.010263045323434038
234.0	-0.008783478700070142
235.0	-0.00729983618912668
236.0	-0.005816918022430222
237.0	-0.004339445566901943
238.0	-0.0028720481265597612
239.0	-0.001419250211707069
240.0	1.454069364866667e-05
241.0	0.0014250458369369466
242.0	0.0028081263474069064
243.0	0.0041597938063862375
244.0	0.005476220214051055
245.0	0.006753747331388681
246.0	0.007988895378119193
247.0	0.009178371069457233
248.0	0.010319074976736805
249.0	0.011408108199082136
250.0	0.012442778335479777
251.0	0.013420604748787103
252.0	0.01433932311538942
253.0	0.01519688925639134
254.0	0.015991482248387083
255.0	0.016721506813995084
256.0	0.017385594994458548
257.0	0.017982607108699238
258.0	0.01851163200526053
259.0	0.01897198661558343
260.0	0.01936321481901931
261.0	0.01968508563189074
262.0	0.019937590734761847
263.0	0.020120941353868178
264.0	0.020235564514376612
265.0	0.02028209868479657
266.0	0.020261388833438598
267.0	0.020174480919312364
268.0	0.020022615841269666
269.0	0.019807222870525873
270.0	0.01952991259293187
271.0	0.019192469388516317
272.0	0.018796843476870863
273.0	0.01834514255790932
274.0	0.017839623078390137
275.0	0.017282681155352878
276.0	0.016676843188277654
277.0	0.016024756192335878
278.0	0.01532917788555478
279.0	0.01459296656307366
280.0	0.013819070791919266
281.0	0.01301051895987688
282.0	0.012170408712082163
283.0	0.011301896308904024
284.0	0.010408185938537672
285.0	0.009492519017474516
286.0	0.008558163511671286
287.0	0.007608403310796449
288.0	0.006646527687402126
289.0	0.005675820872244726
290.0	0.0046995517762688545
291.0	0.0037209638889772294
292.0	0.002743265382034423
293.0	0.0017696194460008682
294.0	0.0008031348870729954
295.0	-0.0001531429903936718
296.0	-0.0010962411909574768
297.0	-0.002023267501360948
298.0	-0.002931418607879561
299.0	-0.003817987836960978
300.0	-0.004680372499746567
301.0	-0.005516080822491831
302.0	-0.006322738446365951
303.0	-0.007098094481606995
304.0	-0.007840027102537894
305.0	-0.008546548671499692
306.0	-0.009215810381330479
307.0	-0.009846106407604693
308.0	-0.010435877563444992
309.0	-0.010983714451319213
310.0	-0.011488360107838203
311.0	-0.011948712139167074
312.0	-0.012363824346249542
313.0	-0.012732907840620634
314.0	-0.013055331653135905
315.0	-0.013330622839479667
316.0	-0.013558466087816844
317.0	-0.013738702835427455
318.0	-0.013871329902597663
319.0	-0.013956497653439086
320.0	-0.013994507694659743
321.0	-0.013985810124615812
322.0	-0.013931000346227193
323.0	-0.013830815458539735
324.0	-0.013686130242859643
325.0	-0.013497952760467207
326.0	-0.013267419579936634
327.0	-0.012995790653041656
328.0	-0.012684443859113085
329.0	-0.012334869238529092
330.0	-0.011948662936765275
331.0	-0.011527520881099753
332.0	-0.01107323221266833
333.0	-0.010587672497082083
334.0	-0.010072796737266555
335.0	-0.009530632212547414
336.0	-0.008963271168297343
337.0	-0.00837286338067011
338.0	-0.007761608621082692
339.0	-0.007131749045163057
340.0	-0.006485561530859423
341.0	-0.005825349990314595
342.0	-0.005153437679933788
343.0	-0.004472159532833548
344.0	-0.0037838545375396358
345.0	-0.0030908581864164363
346.0	-0.0023954950168522445
347.0	-0.0017000712677031071
348.0	-0.0010068676729106472
349.0	-0.00031813241355640315
350.0	0.00036392575108811637
351.0	0.0010371441537292692
352.0	0.001699412671464626
353.0	0.0023486799423450833
354.0	0.0029829593289030874
355.0	0.003600334612432315
356.0	0.004198965402803628
357.0	0.00477709224964701
358.0	0.0053330414418046625
359.0	0.005865229483064609
360.0	0.006372167233321039
361.0	0.006852463705459613
362.0	0.007304829509444679
363.0	0.007728079936273142
364.0	0.00812113767566506
365.0	0.00848303516256808
366.0	0.008812916548769173
367.0	0.009110039297120084
368.0	0.00937377539709356
369.0	0.009603612201591729
370.0	0.00979915288611825
371.0	0.009960116532605853
372.0	0.010086337841348221
373.0	0.01017776647562521
374.0	0.010234466044721573
375.0	0.010256612732125931
376.0	0.01024449357674944
377.0	0.010198504416023504
378.0	0.010119147500718111
379.0	0.010007028792265052
380.0	0.009862854954270016
381.0	0.009687430050753355
382.0	0.009481651964466596
383.0	0.009246508549391824
384.0	0.008983073532237285
385.0	0.008692502178399179
386.0	0.008376026738458
387.0	0.008034951691823666
388.0	0.00767064880463061
389.0	0.007284552019412323
390.0	0.0068781521944566324
391.0	0.006452991711051628
392.0	0.006010658967085178
393.0	0.005552782775647771
394.0	0.005081026687422262
395.0	0.004597083255709407
396.0	0.004102668262951199
397.0	0.0035995149275612082
398.0	0.003089368109764049
399.0	0.0025739785349784376
400.0	0.0020550970530540044
401.0	0.0015344689513943459
402.0	0.0010138283396610888
403.0	0.0004948926233713773
404.0	-2.0642916741713327e-05
405.0	-0.0005311104232204635
406.0	-0.0010348746223781506
407.0	-0.001530337831529784
408.0	-0.0020159447983154524
409.0	-0.0024901873581364177
410.0	-0.002951608896427602
411.0	-0.0033988086032315547
412.0	-0.0038304455083078472
413.0	-0.004245242285818761
414.0	-0.004641988818459969
415.0	-0.0050195455117632735
416.0	-0.00537684635017424
417.0	-0.005712901687406764
418.0	-0.006026800764488447
419.0	-0.006317713949836759
420.0	-0.006584894696644496
421.0	-0.006827681213793173
422.0	-0.007045497847464275
423.0	-0.0072378561715630944
424.0	-0.007404355786019683
425.0	-0.007544684822970091
426.0	-0.007658620161757111
427.0	-0.007746027354610464
428.0	-0.007806860265777009
429.0	-0.007841160427763633
430.0	-0.007849056119229127
431.0	-0.007830761169913766
432.0	-0.007786573498822653
433.0	-0.007716873392680335
434.0	-0.007622121532446231
435.0	-0.007502856776421403
436.0	-0.007359693709185189
437.0	-0.007193319966272408
438.0	-0.007004493345137353
439.0	-0.006794038713547774
440.0	-0.006562844727107232
441.0	-0.006311860368120234
442.0	-0.006042091318483816
443.0	-0.005754596179718023
444.0	-0.0054504825536277795
445.0	-0.005130902997425872
446.0	-0.004797050867433136
447.0	-0.0044501560657159
448.0	-0.004091480704211822
449.0	-0.003722314701041828
450.0	-0.0033439713238033898
451.0	-0.002957782694688535
452.0	-0.0025650952722728153
453.0	-0.002167265324773701
454.0	-0.0017656544094861327
455.0	-0.0013616248729605516
456.0	-0.0009565353863074735
457.0	-0.0005517365297804874
458.0	-0.00014856644051783503
459.0	0.00025165346299188714
460.0	0.0006476226665113587
461.0	0.0010380656429099609
462.0	0.0014217358198932543
463.0	0.0017974194206955112
464.0	0.002163939166330871
465.0	0.0025201578285319846
466.0	0.002864981623076449
467.0	0.0031973634337940865
468.0	0.003516305858172972
469.0	0.003820864066127789
470.0	0.004110148464163854
471.0	0.004383327157858126
472.0	0.004639628206285182
473.0	0.004878341662737592
474.0	0.005098821396822362
475.0	0.005300486693761604
476.0	0.005482823627474253
477.0	0.005645386204775161
478.0	0.005787797278785782
479.0	0.00590974923041173
480.0	0.006011004417499694
481.0	0.006091395392040235
482.0	0.0061508248865291045
483.0	0.006189265571337197
484.0	0.0062067595856651996
485.0	0.0062034178453707085
486.0	0.006179419131652197
487.0	0.006135008965251904
488.0	0.006070498271497959
489.0	0.005986261842141954
490.0	0.005882736600560255
491.0	0.005760419677473641
492.0	0.00561986630489894
493.0	0.0054616875365759085
494.0	0.005286547803612845
495.0	0.005095162314560886
496.0	0.004888294309562613
497.0	0.004666752178619866
498.0	0.004431386454391063
499.0	0.004183086690256458
500.0	0.003922778234682016
501.0	0.0036514189131656733
502.0	0.003369995629265909
503.0	0.003079520896389404
504.0	0.0027810293121521296
505.0	0.0024755739872278047
506.0	0.0021642229406562963
507.0	0.0018480554736065094
508.0	0.0015281585335682902
509.0	0.0012056230808926566
510.0	0.0008815404695037884
511.0	0.000556998853473956
512.0	0.00023307963098353514
513.0	-8.914606301709156e-05
514.0	-0.0004086208043676265
515.0	-0.0007243042566780038
516.0	-0.0010351764672335406
517.0	-0.001340241071670802
518.0	-0.0016385283976375637
519.0	-0.0019290984580500898
520.0	-0.002211043824987073
521.0	-0.0024834923757109384
522.0	-0.002745609902784504
523.0	-0.002996602580749859
524.0	-0.003235719282356067
525.0	-0.0034622537378616427
526.0	-0.00367554653149392
527.0	-0.0038749869297188266
528.0	-0.004060014536559322
529.0	-0.004230120771797417
530.0	-0.004384850168499376
531.0	-0.004523801486917299
532.0	-0.004646628642438086
533.0	-0.004753041445872044
534.0	-0.004842806154996323
535.0	-0.004915745836890164
536.0	-0.004971740541217774
537.0	-0.005010727285229326
538.0	-0.005032699851857916
539.0	-0.0050377084028893696
540.0	-0.005025858909770265
541.0	-0.0049973124051956135
542.0	-0.0049522840591796746
543.0	-0.004891042083859517
544.0	-0.004813906471809576
545.0	-0.004721247573155082
546.0	-0.0046134845172610475
547.0	-0.004491083485240586
548.0	-0.004354555839969576
549.0	-0.004204456120713637
550.0	-0.004041379909866035
551.0	-0.0038659615796613547
552.0	-0.0036788719270671394
553.0	-0.0034808157053653303
554.0	-0.0032725290612135617
555.0	-0.0030547768862268596
556.0	-0.0028283500923357973
557.0	-0.0025940628203656646
558.0	-0.002352749591433905
559.0	-0.0021052624108861585
560.0	-0.0018524678345799503
561.0	-0.0015952440073835495
562.0	-0.001334477683780838
563.0	-0.0010710612404665459
564.0	-0.0008058896907757549
565.0	-0.0005398577107203744
566.0	-0.000273856686302797
567.0	-8.771791642313634e-06
568.0	0.00025452089271242595
569.0	0.0005151572121061508
570.0	0.000772287711777073
571.0	0.0010250803438269524
572.0	0.001272723098728769
573.0	0.0015144265532428041
574.0	0.0017494263269377695
575.0	0.0019769854398633538
576.0	0.0021963965642927035
577.0	0.0024069841638453974
578.0	0.0026081065137137753
579.0	0.0027991575961442815
580.0	0.0029795688657719708
581.0	0.003148810879866786
582.0	0.003306394789023643
583.0	0.0034518736843143294
584.0	0.0035848437974136393
585.0	0.0037049455507163994
586.0	0.0038118644549711635
587.0	0.0039053318524722596
588.0	0.003985125504368454
589.0	0.004051070021167196
590.0	0.0041030371360314555
591.0	0.004140945820984002
592.0	0.0041647622466471496
593.0	0.004174499586654357
594.0	0.0041702176683714315
595.0	0.004152022472057937
596.0	0.00412006548108227
597.0	0.004074542886275217
598.0	0.004015694647964992
599.0	0.003943803419680793
600.0	0.0038591933379399997
601.0	0.0037622286829449405
602.0	0.0036533124154084014
603.0	0.00353288459509977
604.0	0.003401420687056839
605.0	0.0032594297617391244
606.0	0.0031074525957073985
607.0	0.002946059679698793
608.0	0.0027758491412288432
609.0	0.002597444589086377
610.0	0.0024114928872992943
611.0	0.002218661866332643
612.0	0.002019637979439085
613.0	0.0018151239122124775
614.0	0.0016058361534997236
615.0	0.0013925025359031555
616.0	0.0011758597541535083
617.0	0.0009566508696577745
618.0	0.0007356228095190074
619.0	0.000513523868294001
620.0	0.00029110122069444556
621.0	6.909845335259686e-05
622.0	-0.0001517468763403921
623.0	-0.000370705646451832
624.0	-0.0005870595340718935
625.0	-0.0008001033287023855
626.0	-0.001009147188156984
627.0	-0.0012135188298942542
628.0	-0.0014125656509571243
629.0	-0.001605656769969696
630.0	-0.0017921849849361297
631.0	-0.0019715686409013684
632.0	-0.002143253401863777
633.0	-0.002306713921678633
634.0	-0.0024614554090540914
635.0	-0.0026070150821180865
636.0	-0.0027429635084247886
637.0	-0.0028689058266693113
638.0	-0.0029844828467908285
639.0	-0.003089372025562957
640.0	-0.0031832883151967865
641.0	-0.003265984882913659
642.0	-0.003337253699881127
643.0	-0.003396925998343913
644.0	-0.0034448725962222338
645.0	-0.0034810040888894438
646.0	-0.003505270908279467
647.0	-0.0035176632499096744
648.0	-0.003518210868835859
649.0	-0.0035069827459808566
650.0	-0.0034840866266964286
651.0	-0.0034496684338272757
652.0	-0.003403911557945778
653.0	-0.0033470360278144316
654.0	-0.003279297564509664
655.0	-0.0032009865230029915
656.0	-0.003112426725344582
657.0	-0.0030139741899265124
658.0	-0.002906015761619759
659.0	-0.002788967647876996
660.0	-0.002663273866174299
661.0	-0.002529404608425448
662.0	-0.002387854528243993
663.0	-0.0022391409571481296
664.0	-0.002083802056003478
665.0	-0.0019223949081758965
666.0	-0.0017554935610210659
667.0	-0.0015836870224715518
668.0	-0.0014075772195901873
669.0	-0.0012277769260464755
670.0	-0.0010449076655341125
671.0	-0.0008595975981897678
672.0	-0.0006724793970870101
673.0	-0.0004841881218748071
674.0	-0.00029535909659753057
675.0	-0.00010662579868200676
676.0	8.138223399925277e-05
677.0	0.0002680414711784176
678.0	0.0004527364266641038
679.0	0.0006348616566854955
680.0	0.0008138237137203588
681.0	0.0009890430496017127
682.0	0.0011599558618981525
683.0	0.0013260158777843546
684.0	0.0014866960698546056
685.0	0.001641490298588794
686.0	0.0017899148764497098
687.0	0.0019315100488770517
688.0	0.0020658413877436338
689.0	0.0021925010931516577
690.0	0.0023111091997718926
691.0	0.0024213146842639323
692.0	0.0025227964706610994
693.0	0.0026152643309564133
694.0	0.00269845967848691
695.0	0.002772156252080241
696.0	0.002836160689298785
697.0	0.0028903129874908624
698.0	0.002934486851736071
699.0	0.0029685899291497933
700.0	0.002992563929389195
701.0	0.003006384631579772
702.0	0.00301006177825465
703.0	0.0030036388572686626
704.0	0.0029871927730134745
705.0	0.002960833408618301
706.0	0.00292470308117141
707.0	0.00287897589233967
708.0	0.0028238569770960564
709.0	0.0027595816535868323
710.0	0.0026864144774800267
711.0	0.0026046482044347692
712.0	0.0025146026646145894
713.0	0.0024166235534379046
714.0	0.002311081143012249
715.0	0.0021983689189385095
716.0	0.0020789021473920956
717.0	0.0019531163775924768
718.0	0.0018214658849596338
719.0	0.001684422060422912
720.0	0.0015424717514983498
721.0	0.0013961155608786706
722.0	0.0012458661083921676
723.0	0.0010922462622759612
724.0	0.0009357873457799025
725.0	0.0007770273251673319
726.0	0.0006165089852091608
727.0	0.00045477809827746893
728.0	0.00029238159313334233
729.0	0.0001298657294747322
730.0	-3.2225715741939116e-05
731.0	-0.0001933532442608887
732.0	-0.0003529834089123999
733.0	-0.0005105905566764697
734.0	-0.0006656585368037919
735.0	-0.0008176823685176323
736.0	-0.0009661698629817193
737.0	-0.0011106431943970225
738.0	-0.0012506404152853243
739.0	-0.0013857169112273995
740.0	-0.0015154467905467931
741.0	-0.0016394242046694966
742.0	-0.001757264595139237
743.0	-0.0018686058635327945
744.0	-0.001973109460791638
745.0	-0.002070461392771765
746.0	-0.0021603731391061235
747.0	-0.0022425824827754476
748.0	-0.002316854248091693
749.0	-0.0023829809451124074
750.0	-0.002440783318824432
751.0	-0.0024901108017577676
752.0	-0.002530841869017142
753.0	-0.002562884295046198
754.0	-0.0025861753117681265
755.0	-0.0026006816680739673
756.0	-0.0026063995909567437
757.0	-0.00260335464891324
758.0	-0.002591601518555458
759.0	-0.002571223655689304
760.0	-0.0025423328724279506
761.0	-0.0025050688222102765
762.0	-0.002459598394890402
763.0	-0.0024061150243511235
764.0	-0.002344837911371362
765.0	-0.002276011164744767
766.0	-0.0021999028639022814
767.0	-0.002116804046535581
768.0	-0.002027027624948871
769.0	-0.0019309072350844744
770.0	-0.001828796022371025
771.0	-0.0017210653687322816
772.0	-0.0016081035652671756
773.0	-0.0014903144352708415
774.0	-0.0013681159124073038
775.0	-0.0012419385789693331
776.0	-0.0011122241692698934
777.0	-0.0009794240433000125
778.0	-0.0008439976358617044
779.0	-0.0007064108864406442
780.0	-0.0005671346551212901
781.0	-0.0004266431298682975
782.0	-0.00028541223050095044
783.0	-0.000143918014671722
784.0	-2.6350911295240295e-06
785.0	0.00013796495450243453
786.0	0.0002774151162705232
787.0	0.0004152545016757672
788.0	0.0005510298377192531
789.0	0.0006842969443424289
790.0	0.0008146221705289634
791.0	0.0009415837884797695
792.0	0.0010647733414345531
793.0	0.0011837969408869786
794.0	0.0012982765091293768
795.0	0.0014078509632623219
796.0	0.0015121773370169646
797.0	0.0016109318369616375
798.0	0.0017038108298974568
799.0	0.0017905317584907517
800.0	0.0018708339824419049
801.0	0.0019444795427497512
802.0	0.0020112538468969703
803.0	0.002070966273053771
804.0	0.002123450691675143
805.0	0.0021685659031478776
806.0	0.0022061959904281707
807.0	0.0022362505858973423
808.0	0.002258665051951314
809.0	0.002273400575127433
810.0	0.002280444173859946
811.0	0.0022798086202412836
812.0	0.002271532276449696
813.0	0.002255678846783562
814.0	0.0022323370465182316
815.0	0.0022016201890714317
816.0	0.0021636656932271696
817.0	0.0021186345124252835
818.0	0.002066710488372831
819.0	0.002008099631474221
820.0	0.0019430293308079754
821.0	0.0018717474965996347
822.0	0.0017945216383502523
823.0	0.001711637881979122
824.0	0.00162339992952611
825.0	0.0015301279651338973
826.0	0.0014321575111907762
827.0	0.0013298382386632591
828.0	0.0012235327357807083
829.0	0.001113615239354028
830.0	0.0010004703331147197
831.0	0.0008844916175498622
832.0	0.000766080355784079
833.0	0.0006456441001170092
834.0	0.0005235953038692587
835.0	0.0004003499232171793
836.0	0.0002763260137094133
837.0	0.00015194232615393152
838.0	2.7616906546221176e-05
839.0	-9.623429532544872e-05
840.0	-0.00021919880401125545
841.0	-0.0003408689787456117
842.0	-0.0004608433515649723
843.0	-0.0005787279388478651
844.0	-0.0006941375220361626
845.0	-0.0008066968934168136
846.0	-0.0009160420629778015
847.0	-0.001021821422498949
848.0	-0.0011236968631972277
849.0	-0.001221344843416813
850.0	-0.0013144574030348661
851.0	-0.0014027431214462564
852.0	-0.00148592801619131
853.0	-0.0015637563795007157
854.0	-0.00163599155024945
855.0	-0.0017024166190377425
856.0	-0.0017628350643485416
857.0	-0.0018170713179690174
858.0	-0.001864971258106392
859.0	-0.0019064026288754098
860.0	-0.001941255385085047
861.0	-0.001969441961504547
862.0	-0.0019908974660435663
863.0	-0.0020055797965361885
864.0	-0.0020134696810736475
865.0	-0.0020145706420847294
866.0	-0.0020089088846152905
867.0	-0.00199653310950811
868.0	-0.001977514252430656
869.0	-0.0019519451499406828
870.0	-0.001919940134016721
871.0	-0.001881634556711951
872.0	-0.0018371842468152236
873.0	-0.001786764900620298
874.0	-0.0017305714091148745
875.0	-0.0016688171241016551
876.0	-0.0016017330659564098
877.0	-0.001529567075910075
878.0	-0.0014525829159137138
879.0	-0.0013710593193068093
880.0	-0.0012852889956587819
881.0	-0.0011955775932914955
882.0	-0.0011022426231163413
883.0	-0.0010056123475330166
884.0	-0.0009060246382363666
885.0	-0.0008038258068659709
886.0	-0.0006993694125054881
887.0	-0.0005930150501000141
888.0	-0.0004851271239049975
889.0	-0.0003760736101130263
890.0	-0.00026622481282369617
891.0	-0.00015595211752577384
892.0	-4.5626746252061014e-05
893.0	6.438148145597542e-05
894.0	0.00017370537767284581
895.0	0.00028198160125265156
896.0	0.000388851855044464
897.0	0.0004939640612485786
898.0	0.000596973511091438
899.0	0.000697543985098953
900.0	0.0007953488403606461
901.0	0.000890072061301924
902.0	0.0009814092706174524
903.0	0.001069068697165206
904.0	0.001152772097777025
905.0	0.0012322556301069252
906.0	0.0013072706738138057
907.0	0.0013775845975574931
908.0	0.0014429814694782808
909.0	0.0015032627090268177
910.0	0.001558247678215898
911.0	0.001607774210574575
912.0	0.0016516990762992197
913.0	0.0016898983823148178
914.0	0.0017222679061813459
915.0	0.0017487233630044752
916.0	0.0017692006047360955
917.0	0.0017836557514776831
918.0	0.0017920652546271098
919.0	0.0017944258919370217
920.0	0.0017907546947789562
921.0	0.0017810888081318975
922.0	0.0017654852840354974
923.0	0.0017440208094666762
924.0	0.0017167913698124702
925.0	0.0016839118493217594
926.0	0.001645515570122128
927.0	0.0016017537715869077
928.0	0.0015527950320277945
929.0	0.0014988246348732418
930.0	0.0014400438816682265
931.0	0.001376669354399034
932.0	0.0013089321298050778
933.0	0.001237076948488733
934.0	0.001161361341773936
935.0	0.0010820547193922721
936.0	0.0009994374211942719
937.0	0.0009137997361896941
938.0	0.0008254408923171475
939.0	0.0007346680204263966
940.0	0.0006417950960293933
941.0	0.0005471418624354097
942.0	0.00045103273893389115
943.0	0.0003537957177233179
944.0	0.0002557612533075869
945.0	0.00015726114809185617
946.0	5.862743790737042e-05
947.0	-3.9808718819141914e-05
948.0	-0.0001377181445634517
949.0	-0.0002347747352188295
950.0	-0.00033065653802989703
951.0	-0.0004250468114089419
952.0	-0.0005176350631727481
953.0	-0.0006081180638234339
954.0	-0.0006962008315928546
955.0	-0.0007815975860774355
956.0	-0.0008640326674063522
957.0	-0.0009432414180137049
958.0	-0.0010189710242203627
959.0	-0.0010909813149764828
960.0	-0.0011590455152679971
961.0	-0.0012229509518517073
962.0	-0.001282499709150824
963.0	-0.0013375092333174584
964.0	-0.0013878128826488214
965.0	-0.0014332604227294437
966.0	-0.001473718464862362
967.0	-0.0015090708465461177
968.0	-0.0015392189529528076
969.0	-0.0015640819785624665
970.0	-0.0015835971283119205
971.0	-0.0015977197578199427
972.0	-0.0016064234524553514
973.0	-0.0016097000452191682
974.0	-0.0016075595736158626
975.0	-0.00160003017589137
976.0	-0.0015871579272160106
977.0	-0.0015690066165883218
978.0	-0.0015456574654303958
979.0	-0.0015172087890357243
980.0	-0.0014837756022167514
981.0	-0.001445489170679905
982.0	-0.0014024965098310403
983.0	-0.0013549598328829572
984.0	-0.0013030559502982238
985.0	-0.0012469756227555563
986.0	-0.0011869228699739288
987.0	-0.0011231142378674659
988.0	-0.0010557780266332488
989.0	-0.0009851534824950707
990.0	-0.0009114899559363975
991.0	-0.0008350460293575527
992.0	-0.000756088617182531
993.0	-0.0006748920415214276
994.0	-0.0005917370865646965
995.0	-0.0005069100349437182
996.0	-0.0004207016893411422
997.0	-0.00033340638267059883
998.0	-0.0002453209801715154
999.0	-0.00015674387677919177
1000.0	-6.797399313365152e-05
1001.0	2.0690226417307937e-05
1002.0	0.00010895181048449758
1003.0	0.00019651624866665225
1004.0	0.000283092467677549
1005.0	0.0003683937923572309
1006.0	0.00045213888841618994
1007.0	0.0005340526838332966
1008.0	0.0006138672659116613
1009.0	0.0006913227510876594
1010.0	0.0007661681246910056
1011.0	0.0008381620479630757
1012.0	0.0009070736297607258
1013.0	0.0009726831604992283
1014.0	0.0010347828060233199
1015.0	0.0010931772592369456
1016.0	0.0011476843474713927
1017.0	0.00119813559372637
1018.0	0.0012443767300788487
1019.0	0.0012862681617207272
1020.0	0.0013236853802561163
1021.0	0.0013565193250634135
1022.0	0.0013846766917048098
1023.0	0.0014080801865461185
1024.0	0.00142666872693221
1025.0	0.0014403975864472475
1026.0	0.0014492384849737814
1027.0	0.001453179623449795
1028.0	0.001452225663407702
1029.0	0.0014463976515630078
1030.0	0.0014357328899027553
1031.0	0.0014202847519039499
1032.0	0.0014001224456896026
1033.0	0.001375330725104069
1034.0	0.0013460095498595988
1035.0	0.0013122736960717108
1036.0	0.0012742523186618222
1037.0	0.0012320884672607528
1038.0	0.0011859385573961176
1039.0	0.0011359717988892759
1040.0	0.0010823695835236171
1041.0	0.0010253248341741536
1042.0	0.0009650413177096076
1043.0	0.0009017329240903638
1044.0	0.0008356229141903192
1045.0	0.0007669431389656671
1046.0	0.0006959332326801435
1047.0	0.0006228397829732965
1048.0	0.0005479154806256568
1049.0	0.00047141825193234947
1050.0	0.0003936103766446746
1051.0	0.0003147575944766213
1052.0	0.00023512820320119917
1053.0	0.00015499215137868526
1054.0	7.462012876634921e-05
1055.0	-5.71734254403624e-06
1056.0	-8.57508132271808e-05
1057.0	-0.00016521280505373687
1058.0	-0.0002438386994709288
1059.0	-0.0003213676135001382
1060.0	-0.00039754326006962923
1061.0	-0.00047211478996284865
1062.0	-0.0005448376126334581
1063.0	-0.0006154741932187179
1064.0	-0.0006837948231713186
1065.0	-0.0007495783620267843
1066.0	-0.0008126129479284665
1067.0	-0.0008726966746447733
1068.0	-0.0009296382329326812
1069.0	-0.0009832575142282142
1070.0	-0.0010333861747771644
1071.0	-0.0010798681584578546
1072.0	-0.0011225601766916482
1073.0	-0.001161332143985685
1074.0	-0.0011960675678053367
1075.0	-0.0012266638916308375
1076.0	-0.0012530327902127432
1077.0	-0.0012751004162037537
1078.0	-0.001292807597509616
1079.0	-0.0013061099848684801
1080.0	-0.0013149781493360627
1081.0	-0.0013193976295220856
1082.0	-0.0013193689285919078
1083.0	-0.0013149074612148223
1084.0	-0.0013060434508070176
1085.0	-0.001292821777581933
1086.0	-0.0012753017780832375
1087.0	-0.0012535569970353556
1088.0	-0.0012276748925028596
1089.0	-0.0011977564955025122
1090.0	-0.0011639160253600405
1091.0	-0.0011262804622470348
1092.0	-0.0010849890784716079
1093.0	-0.0010401929302287258
1094.0	-0.0009920543116425655
1095.0	-0.0009407461730528846
1096.0	-0.0008864515056102792
1097.0	-0.0008293626943507914
1098.0	-0.000769680842018285
1099.0	-0.0007076150659931467
1100.0	-0.0006433817707676964
1101.0	-0.0005772038984823147
1102.0	-0.0005093101601010997
1103.0	-0.0004399342498619318
1104.0	-0.0003693140456829929
1105.0	-0.00029769079824551545
1106.0	-0.0002253083115017823
1107.0	-0.00015241211737623914
1108.0	-7.92486474387637e-05
1109.0	-6.064404328656563e-06
1110.0	6.689486429885174e-05
1111.0	0.0001393849865506643
1112.0	0.00021116417907154472
1113.0	0.00028199384912657496
1114.0	0.0003516393833439568
1115.0	0.0004198709205250322
1116.0	0.0004864641059900746
1117.0	0.0005512008249987034
1118.0	0.0006138699128612848
1119.0	0.0006742678394435317
1120.0	0.0007321993658601185
1121.0	0.0007874781712522137
1122.0	0.0008399274476515693
1123.0	0.00088938046104647
1124.0	0.0009356810768840417
1125.0	0.000978684248367978
1126.0	0.0010182564660403473
1127.0	0.0010542761672704553
1128.0	0.001086634104412065
1129.0	0.0011152336705326296
1130.0	0.001139991181763001
1131.0	0.00116083611546481
1132.0	0.001177711303562222
1133.0	0.001190573080537179
1134.0	0.0011993913857401058
1135.0	0.0012041498198218947
1136.0	0.0012048456552468975
1137.0	0.0012014898010002046
1138.0	0.0011941067217552173
1139.0	0.001182734311918771
1140.0	0.0011674237251205742
1141.0	0.001148239159860767
1142.0	0.0011252576021736059
1143.0	0.0010985685263061548
1144.0	0.001068273554548087
1145.0	0.0010344860774813835
1146.0	0.0009973308360471515
1147.0	0.000956943466949696
1148.0	0.0009134700130359148
1149.0	0.0008670664003997048
1150.0	0.0008178978840668464
1151.0	0.0007661384642148224
1152.0	0.0007119702749745572
1153.0	0.0006555829479457228
1154.0	0.0005971729526356101
1155.0	0.0005369429161012698
1156.0	0.00047510092413704293
1157.0	0.00041185980640397364
1158.0	0.00034743640794359255
1159.0	0.000282050849556432
1160.0	0.0002159257795550252
1161.0	0.0001492856194220682
1162.0	8.235580591680908e-05
1163.0	1.5362032176770464e-05
1164.0	-5.147050964307131e-05
1165.0	-0.00011791788166415351
1166.0	-0.000183758147003674
1167.0	-0.00024877210744149317
1168.0	-0.0003127440295946724
1169.0	-0.0003754623572058955
1170.0	-0.0004367204072055031
1171.0	-0.000496317047269274
1172.0	-0.0005540573526618929
1173.0	-0.0006097532402332029
1174.0	-0.0006632240775166962
1175.0	-0.0007142972649695667
1176.0	-0.000762808789489641
1177.0	-0.0008086037474459335
1178.0	-0.0008515368355673529
1179.0	-0.0008914728081464791
1180.0	-0.0009282868991328126
1181.0	-0.000961865207811446
1182.0	-0.000992105046889452
1183.0	-0.0010189152519408905
1184.0	-0.001042216451294337
1185.0	-0.0010619412955816658
1186.0	-0.0010780346463041593
1187.0	-0.001090453722911055
1188.0	-0.0010991682080258801
1189.0	-0.0011041603105970878
1190.0	-0.0011054247868907364
1191.0	-0.0011029689193843663
1192.0	-0.0010968124537617202
1193.0	-0.00108698749434747
1194.0	-0.0010735383584591345
1195.0	-0.001056521390289221
1196.0	-0.0010360047350641863
1197.0	-0.0010120680743573372
1198.0	-0.0009848023235600532
1199.0	-0.0009543092926392986
1200.0	-0.0009207013114285695
1201.0	-0.0008841008208145843
1202.0	-0.000844639931291575
1203.0	-0.0008024599504601803
1204.0	-0.0007577108811465264
1205.0	-0.0007105508919108237
1206.0	-0.0006611457618014623
1207.0	-0.0006096683012912513
1208.0	-0.0005562977514063693
1209.0	-0.0005012191631253273
1210.0	-0.000444622759185268
1211.0	-0.000386703280484884
1212.0	-0.00032765931931891777
1213.0	-0.0002676926417157083
1214.0	-0.00020700750117986708
1215.0	-0.00014580994616291906
1216.0	-8.430712359983831e-05
1217.0	-2.2706580855128694e-05
1218.0	3.878443157996191e-05
1219.0	9.995965430606522e-05
1220.0	0.00016061450783525812
1221.0	0.00022054677372110873
1222.0	0.00027955726574142034
1223.0	0.000337450488916004
1224.0	0.00039403528418886476
1225.0	0.0004491254566584644
1226.0	0.0005025403853017329
1227.0	0.0005541056122045428
1228.0	0.0006036534093862992
1229.0	0.0006510233213871956
1230.0	0.0006960626818724226
1231.0	0.0007386271026003544
1232.0	0.000778580933198793
1233.0	0.0008157976902956136
1234.0	0.000850160454656982
1235.0	0.0008815622350974943
1236.0	0.0009099062980409029
1237.0	0.0009351064617290663
1238.0	0.0009570873541972903
1239.0	0.0009757846342583847
1240.0	0.000991145174863885
1241.0	0.0010031272083382626
1242.0	0.001011700433111337
1243.0	0.001016846081703888
1244.0	0.0010185569498518572
1245.0	0.0010168373867849682
1246.0	0.001011703246805488
1247.0	0.0010031818024420055
1248.0	0.0009913116195808193
1249.0	0.0009761423951037446
1250.0	0.0009577347576849547
1251.0	0.0009361600325209982
1252.0	0.0009114999708865357
1253.0	0.0008838464455235688
1254.0	0.0008533011129832719
1255.0	0.0008199750441470512
1256.0	0.0007839883242563165
1257.0	0.0007454696238787684
1258.0	0.0007045557423321618
1259.0	0.0006613911251742411
1260.0	0.0006161273574498663
1261.0	0.0005689226344627665
1262.0	0.0005199412119088736
1263.0	0.00046935283727322485
1264.0	0.0004173321644482435
1265.0	0.00036405815358309633
1266.0	0.00030971345821670555
1267.0	0.0002544838017839628
1268.0	0.00019855734561445744
1269.0	0.00014212405056532491
1270.0	8.53750344447712e-05
1271.0	2.8501927391787717e-05
1272.0	-2.8303772623261732e-05
1273.0	-8.485134201750497e-05
1274.0	-0.00014095146938909384
1275.0	-0.00019641688676067665
1276.0	-0.0002510629921768331
1277.0	-0.0003047084615934981
1278.0	-0.00035717584803974644
1279.0	-0.00040829216608029685
1280.0	-0.0004578894596619031
1281.0	-0.0005058053514878156
1282.0	-0.0005518835721318382
1283.0	-0.0005959744671756141
1284.0	-0.0006379354807323635
1285.0	-0.000677631613802548
1286.0	-0.0007149358559969964
1287.0	-0.0007497295892548905
1288.0	-0.000781902962282951
1289.0	-0.0008113552345426638
1290.0	-0.0008379950887183374
1291.0	-0.0008617409107069787
1292.0	-0.0008825210362825007
1293.0	-0.0009002739637006791
1294.0	-0.0009149485316274776
1295.0	-0.0009265040618910042
1296.0	-0.0009349104666767819
1297.0	-0.0009401483199059059
1298.0	-0.0009422088926565625
1299.0	-0.0009410941526099567
1300.0	-0.0009368167276224098
1301.0	-0.0009293998336451347
1302.0	-0.0009188771673320157
1303.0	-0.0009052927637930859
1304.0	-0.0008887008200667654
1305.0	-0.0008691654849972432
1306.0	-0.0008467606163140161
1307.0	-0.000821569505818126
1308.0	-0.0007936845736840979
1309.0	-0.0007632070329873287
1310.0	-0.0007302465256629758
1311.0	-0.0006949207311953485
1312.0	-0.0006573549494240851
1313.0	-0.0006176816589363926
1314.0	-0.0005760400525929321
1315.0	-0.0005325755518062521
1316.0	-0.0004874393012584575
1317.0	-0.000440787645805186
1318.0	-0.00039278159136781933
1319.0	-0.0003435862516650073
1320.0	-0.0002933702826764962
1321.0	-0.00024230530676863302
1322.0	-0.00019056532843990566
1323.0	-0.00013832614366812582
1324.0	-8.576474485628678e-05
1325.0	-3.305872338420094e-05
1326.0	1.961432822489631e-05
1327.0	7.207741251785867e-05
1328.0	0.00012415471971020074
1329.0	0.0001756722146936912
1330.0	0.00022645821649967942
1331.0	0.0002763439682957557
1332.0	0.0003251641960309421
1333.0	0.0003727576538863479
1334.0	0.0004189676547388028
1335.0	0.0004636425838991142
1336.0	0.0005066363944471509
1337.0	0.0005478090825532143
1338.0	0.0005870271412451039
1339.0	0.0006241639911576675
1340.0	0.0006591003868821168
1341.0	0.0006917247976181226
1342.0	0.0007219337609210262
1343.0	0.0007496322084299701
1344.0	0.0007747337625597181
1345.0	0.0007971610032386795
1346.0	0.0008168457038787147
1347.0	0.0008337290358673117
1348.0	0.000847761740980268
1349.0	0.0008589042712220842
1350.0	0.000867126895711491
1351.0	0.0008724097743413689
1352.0	0.000874742998054012
1353.0	0.0008741265956851367
1354.0	0.0008705705074422119
1355.0	0.0008640945251942439
1356.0	0.0008547281998609203
1357.0	0.0008425107162985737
1358.0	0.0008274907361882021
1359.0	0.0008097262095367523
1360.0	0.0007892841555064605
1361.0	0.0007662404133878782
1362.0	0.0007406793646302645
1363.0	0.0007126936269374333
1364.0	0.0006823837215283453
1365.0	0.0006498577147486585
1366.0	0.0006152308353023039
1367.0	0.0005786250684506559
1368.0	0.0005401687286003456
1369.0	0.0004999960117698875
1370.0	0.000458246529488315
1371.0	0.00041506482573746943
1372.0	0.0003705998786027527
1373.0	0.0003250045883427498
1374.0	0.0002784352536307783
1375.0	0.00023105103775542804
1376.0	0.00018301342659643362
1377.0	0.00013448568021565783
1378.0	8.563227991848941e-05
1379.0	3.6618372652642665e-05
1380.0	-1.2390785385683716e-05
1381.0	-6.123038406965608e-05
1382.0	-0.00010973661172409329
1383.0	-0.00015774720272667807
1384.0	-0.00020510197850375205
1385.0	-0.0002516433801232642
1386.0	-0.0002972169907194313
1387.0	-0.00034167204602371425
1388.0	-0.0003848619313193179
1389.0	-0.00042664466318773336
1390.0	-0.00046688335447010645
1391.0	-0.0005054466609265725
1392.0	-0.000542209208142532
1393.0	-0.0005770519973001748
1394.0	-0.0006098627885078313
1395.0	-0.0006405364604591635
1396.0	-0.0006689753452756098
1397.0	-0.0006950895374723627
1398.0	-0.0007187971760772868
1399.0	-0.0007400246990246998
1400.0	-0.000758707069041257
1401.0	-0.0007747879703384371
1402.0	-0.0007882199755261183
1403.0	-0.0007989646822627492
1404.0	-0.0008069928192605066
1405.0	-0.0008122843213673725
1406.0	-0.0008148283735526427
1407.0	-0.0008146234237268938
1408.0	-0.0008116771644322192
1409.0	-0.0008060064835427735
1410.0	-0.0007976373842192674
1411.0	-0.0007866048744634797
1412.0	-0.0007729528267199407
1413.0	-0.0007567338080712691
1414.0	-0.000738008881670854
1415.0	-0.0007168473801513944
1416.0	-0.0006933266518399351
1417.0	-0.000667531780699272
1418.0	-0.000639555281001028
1419.0	-0.0006094967678184514
1420.0	-0.0005774626045049556
1421.0	-0.0005435655283987104
1422.0	-0.00050792425606388
1423.0	-0.0004706630694439242
1424.0	-0.0004319113843634487
1425.0	-0.0003918033028704267
1426.0	-0.00035047715096107445
1427.0	-0.00030807500327530244
1428.0	-0.0002647421963897249
1429.0	-0.00022062683236979356
1430.0	-0.00017587927427168987
1431.0	-0.00013065163530606586
1432.0	-8.50972633942718e-05
1433.0	-3.937022285788834e-05
1434.0	6.375225011991115e-06
1435.0	5.198514075962276e-05
1436.0	9.730642320450282e-05
1437.0	0.0001421873217884984
1438.0	0.00018647794312134794
1439.0	0.00023003075003858071
1440.0	0.0002727010515157155
1441.0	0.00031434748181667724
1442.0	0.0003548324672952522
1443.0	0.0003940226793131374
1444.0	0.0004317894717882822
1445.0	0.00046800930194336823
1446.0	0.0005025641328827862
1447.0	0.0005353418166919915
1448.0	0.0005662364568208553
1449.0	0.0005951487485852674
1450.0	0.0006219862966979246
1451.0	0.0006466639088183262
1452.0	0.0006691038641952197
1453.0	0.0006892361565606646
1454.0	0.0007069987105229017
1455.0	0.0007223375707963001
1456.0	0.0007352070636991866
1457.0	0.0007455699304448043
1458.0	0.0007533974318464844
1459.0	0.0007586694241547648
1460.0	0.000761374405841923
1461.0	0.0007615095352471045
1462.0	0.0007590806190933255
1463.0	0.0007541020719852225
1464.0	0.0007465968470935942
1465.0	0.0007365963383288358
1466.0	0.0007241402544004927
1467.0	0.0007092764652531758
1468.0	0.0006920608214610489
1469.0	0.0006725569472519326
1470.0	0.0006508360079192747
1471.0	0.0006269764524642956
1472.0	0.0006010637323914871
1473.0	0.0005731899976587408
1474.0	0.0005434537708574648
1475.0	0.0005119596007685553
1476.0	0.00047881769650647433
1477.0	0.00044414354352619685
1478.0	0.00040805750282522013
1479.0	0.0003706843947263883
1480.0	0.00033215306867551836
1481.0	0.00029259596053135507
1482.0	0.0002521486388640925
1483.0	0.000210949341811473
1484.0	0.00016913850606996728
1485.0	0.00012685828962117522
1486.0	8.425208981032665e-05
1487.0	4.146405840602498e-05
1488.0	-1.3613847231314612e-06
1489.0	-4.4080037679758346e-05
1490.0	-8.65484007244793e-05
1491.0	-0.00012862415695784985
1492.0	-0.00017016664789132026
1493.0	-0.0002110373423226588
1494.0	-0.0002511002969575928
1495.0	-0.0002902226072500182
1496.0	-0.000328274846970544
1497.0	-0.0003651314950535794
1498.0	-0.00040067134831995644
1499.0	-0.0004347779187220211
1500.0	-0.00046733981381412415
1501.0	-0.0004982510992098883
1502.0	-0.0005274116418515963
1503.0	-0.0005547274329839099
1504.0	-0.0005801108897947533
1505.0	-0.0006034811347605138
1506.0	-0.0006247642518094664
1507.0	-0.000643893518497208
1508.0	-0.000660809613470605
1509.0	-0.0006754607985809146
1510.0	-0.0006878030750935999
1511.0	-0.0006978003135305156
1512.0	-0.0007054243567696479
1513.0	-0.0007106550961182906
1514.0	-0.0007134805201668378
1515.0	-0.0007138967363222301
1516.0	-0.0007119079650119953
1517.0	-0.00070752650664157
1518.0	-0.0007007726814788559
1519.0	-0.000691674742730429
1520.0	-0.0006802687631631823
1521.0	-0.000666598495713204
1522.0	-0.0006507152086098942
1523.0	-0.00063267749562779
1524.0	-0.0006125510621605517
1525.0	-0.0005904084878910381
1526.0	-0.0005663289669085455
1527.0	-0.0005403980261974545
1528.0	-0.0005127072234926483
1529.0	-0.0004833538255635821
1530.0	-0.00045244046805232403
1531.0	-0.00042007479805028763
1532.0	-0.00038636910065359756
1533.0	-0.00035143991078783084
1534.0	-0.00031540761163960547
1535.0	-0.00027839602107432694
1536.0	-0.0002405319674564474
1537.0	-0.00020194485632123995
1538.0	-0.00016276622937426563
1539.0	-0.0001231293173171691
1540.0	-8.316858801599982e-05
1541.0	-4.30192915399797e-05
1542.0	-2.8170036061375345e-06
1543.0	3.7302831032916e-05
1544.0	7.720535372459899e-05
1545.0	0.00011675674404949907
1546.0	0.0001558246674404325
1547.0	0.00019427871679393496
1548.0	0.00023199084660433444
1549.0	0.00026883579817915367
1550.0	0.0003046915145274013
1551.0	0.00033943954355053377
1552.0	0.0003729654282079286
1553.0	0.0004051590823756885
1554.0	0.0004359151511681165
1555.0	0.0004651333545465934
1556.0	0.0004927188130989615
1557.0	0.00051858235493502
1558.0	0.0005426408027095801
1559.0	0.0005648172398532429
1560.0	0.0005850412551631401
1561.0	0.0006032491649803337
1562.0	0.0006193842122574715
1563.0	0.0006333967418996535
1564.0	0.0006452443518423046
1565.0	0.0006548920194125114
1566.0	0.0006623122026045226
1567.0	0.0006674849159848061
1568.0	0.000670397781028194
1569.0	0.0006710460507727417
1570.0	0.0006694326087675038
1571.0	0.0006655679423737751
1572.0	0.0006594700905663573
1573.0	0.0006511645664666606
1574.0	0.0006406842549238831
1575.0	0.0006280692855434545
1576.0	0.0006133668816437374
1577.0	0.0005966311857014258
1578.0	0.0005779230619241227
1579.0	0.000557309876663816
1580.0	0.0005348652574577472
1581.0	0.0005106688315535176
1582.0	0.0004848059448418463
1583.0	0.0004573673621845642
1584.0	0.0004284489501856282
1585.0	0.0003981513435093614
1586.0	0.00036657959590339316
1587.0	0.0003338428171322989
1588.0	0.00030005379707262773
1589.0	0.00026532861826067703
1590.0	0.0002297862582199585
1591.0	0.000193548182926983
1592.0	0.00015673793280076122
1593.0	0.00011948070262347366
1594.0	8.190291681696134e-05
1595.0	4.4131801512555316e-05
1596.0	6.294954859004803e-06
1597.0	-3.148008298377953e-05
1598.0	-6.906625871928558e-05
1599.0	-0.00010633743221903982
1600.0	-0.00014316879882974448
1601.0	-0.00017943730627300323
1602.0	-0.00021502206474814656
1603.0	-0.00024980474887464866
1604.0	-0.00028366999014133726
1605.0	-0.00031650575856388957
1606.0	-0.00034820373229140725
1607.0	-0.000378659653946065
1608.0	-0.0004077736725268521
1609.0	-0.00043545066975954545
1610.0	-0.00046160056982972946
1611.0	-0.000486138631493587
1612.0	-0.0005089857216227873
1613.0	-0.00053006856930402
1614.0	-0.0005493199996809223
1615.0	-0.0005666791467959918
1616.0	-0.0005820916447622714
1617.0	-0.0005955097966685541
1618.0	-0.000606892720698313
1619.0	-0.0006162064730198612
1620.0	-0.000623424147084391
1621.0	-0.0006285259490486294
1622.0	-0.0006314992491194328
1623.0	-0.0006323386086992179
1624.0	-0.0006310457832924669
1625.0	-0.0006276297012152009
1626.0	-0.0006221064182304172
1627.0	-0.0006144990483131648
1628.0	-0.0006048376708286582
1629.0	-0.0005931592144854886
1630.0	-0.0005795073185032064
1631.0	-0.0005639321715092617
1632.0	-0.0005464903287538711
1633.0	-0.000527244508303193
1634.0	-0.0005062633669402103
1635.0	-0.0004836212565694029
1636.0	-0.000459397961985371
1637.0	-0.0004336784209259025
1638.0	-0.0004065524273879637
1639.0	-0.000378114319239199
1640.0	-0.000348462651207789
1641.0	-0.0003176998543809404
1642.0	-0.00028593188338473224
1643.0	-0.00025326785245712155
1644.0	-0.00021981966166103066
1645.0	-0.00018570161451426839
1646.0	-0.00015103002833995486
1647.0	-0.00011592283866225864
1648.0	-8.049919898999022e-05
1649.0	-4.487907734273145e-05
1650.0	-9.182850882911379e-06
1651.0	2.646909997962993e-05
1652.0	6.195679664519876e-05
1653.0	9.716106518358521e-05
1654.0	0.00013196393564603604
1655.0	0.00016624903649433732
1656.0	0.0001999019828315832
1657.0	0.00023281075714230172
1658.0	0.0002648660812773146
1659.0	0.0002959617784513127
1660.0	0.00032599512405669497
1661.0	0.00035486718413742517
1662.0	0.0003824831404107337
1663.0	0.00040875260077169917
1664.0	0.00043358989426685063
1665.0	0.0004569143495773111
1666.0	0.0004786505561091334
1667.0	0.0004987286068490688
1668.0	0.0005170843222068245
1669.0	0.0005336594541304741
1670.0	0.0005484018698493018
1671.0	0.0005612657146683922
1672.0	0.0005722115533105621
1673.0	0.000581206489374573
1674.0	0.0005882242625529456
1675.0	0.0005932453233280458
1676.0	0.0005962568849415891
1677.0	0.0005972529525093066
1678.0	0.0005962343292296834
1679.0	0.0005932085997128014
1680.0	0.0005881900905320252
1681.0	0.0005811998081777924
1682.0	0.0005722653546681345
1683.0	0.0005614208211453912
1684.0	0.0005487066598616197
1685.0	0.0005341695350272418
1686.0	0.0005178621530674038
1687.0	0.0004998430728987385
1688.0	0.0004801764969049687
1689.0	0.0004589320433535486
1690.0	0.00043618450105604827
1691.0	0.0004120135671335013
1692.0	0.00038650356880251145
1693.0	0.00035974317015004817
1694.0	0.00033182506491344875
1695.0	0.0003028456563267845
1696.0	0.0002729047251363477
1697.0	0.000242105086925677
1698.0	0.00021055223992367785
1699.0	0.00017835400449964884
1700.0	0.00014562015557410173
1701.0	0.00011246204919567989
1702.0	7.899224455190515e-05
1703.0	4.53241226937226e-05
1704.0	1.1571503262869463e-05
1705.0	-2.2151739485228028e-05
1706.0	-5.573206007013264e-05
1707.0	-8.90566232987916e-05
1708.0	-0.00012201368262222288
1709.0	-0.00015449295407042162
1710.0	-0.000186385984516996
1711.0	-0.00021758651304603065
1712.0	-0.00024799082422019146
1713.0	-0.000277498092077548
1714.0	-0.0003060107137193354
1715.0	-0.0003334346313871579
1716.0	-0.0003596796419693916
1717.0	-0.00038465969292107466
1718.0	-0.0004082931636289835
1719.0	-0.00043050313130441487
1720.0	-0.00045121762054044906
1721.0	-0.00047036983572647283
1722.0	-0.0004878983755725318
1723.0	-0.0005037474290573386
1724.0	-0.0005178669521777176
1725.0	-0.0005302128249430554
1726.0	-0.0005407469881257255
1727.0	-0.0005494375593476113
1728.0	-0.0005562589281530281
1729.0	-0.0005611918297898204
1730.0	-0.0005642233974923487
1731.0	-0.0005653471931329787
1732.0	-0.000564563216181496
1733.0	-0.00056187789098502
1734.0	-0.0005573040324538061
1735.0	-0.0005508607903108153
1736.0	-0.0005425735721345929
1737.0	-0.0005324739454959588
1738.0	-0.0005205995195586713
1739.0	-0.000506993806582496
1740.0	-0.0004917060638339162
1741.0	-0.0004747911164745583
1742.0	-0.00045630916206030247
1743.0	-0.0004363255573444926
1744.0	-0.00041491058813706563
1745.0	-0.00039213922302670356
1746.0	-0.0003680908518258934
1747.0	-0.00034284900964850085
1748.0	-0.00031650108757592466
1749.0	-0.0002891380309112011
1750.0	-0.0002608540260603093
1751.0	-0.00023174617711583514
1752.0	-0.0002019141732512164
1753.0	-0.0001714599480619845
1754.0	-0.00014048733201564795
1755.0	-0.0001091016991929079
1756.0	-7.740960951916481e-05
1757.0	-4.551844769915556e-05
1758.0	-1.3536060075161616e-05
1759.0	1.8429609365264773e-05
1760.0	5.0270882605854116e-05
1761.0	8.188070962026218e-05
1762.0	0.00011315302757769659
1763.0	0.0001439831160327215
1764.0	0.00017426794691191311
1765.0	0.00020390652813015485
1766.0	0.00023280023969262753
1767.0	0.00026085316116632434
1768.0	0.000287972389435923
1769.0	0.00031406834569363304
1770.0	0.0003390550706509674
1771.0	0.0003628505070015298
1772.0	0.0003853767682092819
1773.0	0.0004065603927439495
1774.0	0.0004263325829359745
1775.0	0.00044462942767699645
1776.0	0.0004613921082473133
1777.0	0.00047656708660994936
1778.0	0.0004901062755714649
1779.0	0.000501967190271245
1780.0	0.0005121130805254125
1781.0	0.0005205130436162981
1782.0	0.0005271421171852407
1783.0	0.0005319813519539576
1784.0	0.0005350178640680728
1785.0	0.0005362448669253531
1786.0	0.0005356616824204346
1787.0	0.0005332737316071979
1788.0	0.000529092504849186
1789.0	0.0005231355115972291
1790.0	0.0005154262100018512
1791.0	0.0005059939166353195
1792.0	0.000494873696664636
1793.0	0.0004821062348819615
1794.0	0.0004677376880624041
1795.0	0.0004518195191811768
1796.0	0.0004344083140821369
1797.0	0.00041556558124752115
1798.0	0.0003953575353744139
1799.0	0.0003738548655166816
1800.0	0.0003511324886013244
1801.0	0.0003272692891763832
1802.0	0.0003023478462916098
1803.0	0.00027645414845529296
1804.0	0.00024967729764859307
1805.0	0.00022210920341392574
1806.0	0.0001938442680652474
1807.0	0.00016497906409622138
1808.0	0.00013561200488636368
1809.0	0.00010584300982559606
1810.0	7.577316499484711e-05
1811.0	4.5504380552402555e-05
1812.0	1.5139045985529571e-05
1813.0	-1.5220315608859177e-05
1814.0	-4.547139304922213e-05
1815.0	-7.551243123736593e-05
1816.0	-0.00010524257281421985
1817.0	-0.00013456219615789545
1818.0	-0.00016337324859347704
1819.0	-0.00019157957370219024
1820.0	-0.00021908723163914924
1821.0	-0.00024580481139485025
1822.0	-0.00027164373396425137
1823.0	-0.000296518545420122
1824.0	-0.0003203471989228588
1825.0	-0.00034305132473821476
1826.0	-0.0003645564873762173
1827.0	-0.0003847924290096485
1828.0	-0.00040369329837824355
1829.0	-0.0004211978644346662
1830.0	-0.00043724971404159616
1831.0	-0.00045179743308369763
1832.0	-0.00046479477041534495
1833.0	-0.00047620078412399677
1834.0	-0.00048597996964917583
1835.0	-0.0004941023693592579
1836.0	-0.0005005436632511787
1837.0	-0.0005052852405022545
1838.0	-0.0005083142516684777
1839.0	-0.0005096236413888126
1840.0	-0.0005092121615211003
1841.0	-0.0005070843647010646
1842.0	-0.0005032505783817707
1843.0	-0.0004977268594765123
1844.0	-0.0004905349297931055
1845.0	-0.0004817020925118698
1846.0	-0.00047126113002290363
1847.0	-0.00045925018350034255
1848.0	-0.00044571261465222367
1849.0	-0.00043069685014353104
1850.0	-0.00041425620924752816
1851.0	-0.0003964487153360237
1852.0	-0.00037733689187211504
1853.0	-0.000356987543620397
1854.0	-0.0003354715238376763
1855.0	-0.0003128634882531814
1856.0	-0.0002892416366903376
1857.0	-0.00026468744322200857
1858.0	-0.00023928537578830206
1859.0	-0.00021312260623973208
1860.0	-0.00018628871179890644
1861.0	-0.00015887536896125364
1862.0	-0.0001309760408786942
1863.0	-0.000102685659290305
1864.0	-7.410030208043804e-05
1865.0	-4.5316867557617e-05
1866.0	-1.643274655649743e-05
1867.0	1.2454506529412882e-05
1868.0	4.1247502674910275e-05
1869.0	6.984934600308456e-05
1870.0	9.816395931651562e-05
1871.0	0.00012609640628811602
1872.0	0.00015355320923293096
1873.0	0.00018044266139878367
1874.0	0.00020667513273470097
1875.0	0.0002321633681190284
1876.0	0.0002568227770568688
1877.0	0.00028057171388686365
1878.0	0.0003033317475706446
1879.0	0.0003250279201755873
1880.0	0.0003455889932004458
1881.0	0.0003649476809364467
1882.0	0.0003830408701010882
1883.0	0.0003998098250296851
1884.0	0.0004152003777593816
1885.0	0.0004291631023924953
1886.0	0.00044165347318005956
1887.0	0.00045263200582203156
1888.0	0.0004620643815382783
1889.0	0.0004699215535229347
1890.0	0.0004761798354549629
1891.0	0.00048082097179850047
1892.0	0.00048383218968844834
1893.0	0.0004852062322590839
1894.0	0.0004849413733361461
1895.0	0.00048304141347573
1896.0	0.00047951565739613364
1897.0	0.0004743788729113425
1898.0	0.0004676512315369139
1899.0	0.00045935823100037984
1900.0	0.0004495305999488554
1901.0	0.000438204185205814
1902.0	0.0004254198219873018
1903.0	0.00041122318754433125
1904.0	0.0003956646387532378
1905.0	0.0003787990342288823
1906.0	0.0003606855415867697
1907.0	0.00034138743052884593
1908.0	0.00032097185247441026
1909.0	0.0002995096075018122
1910.0	0.0002770748994073845
1911.0	0.0002537450797274335
1912.0	0.0002296003816041679
1913.0	0.0002047236444093544
1914.0	0.00017920003006918154
1915.0	0.00015311673205965163
1916.0	0.00012656267806532154
1917.0	9.962822731350313e-05
1918.0	7.240486361231391e-05
1919.0	4.49848851335837e-05
1920.0	1.7461091990943808e-05
1921.0	-1.0073527331142928e-05
1922.0	-3.752610963951965e-05
1923.0	-6.48042297292685e-05
1924.0	-9.18162110641824e-05
1925.0	-0.00011847143339797136
1926.0	-0.00014468063630574844
1927.0	-0.00017035621761068076
1928.0	-0.00019541252570950724
1929.0	-0.00021976614482328068
1930.0	-0.00024333617222484574
1931.0	-0.00026604448652307064
1932.0	-0.00028781600611613005
1933.0	-0.00030857893696003614
1934.0	-0.000328265008836541
1935.0	-0.0003468096993444325
1936.0	-0.0003641524448809283
1937.0	-0.00038023683792499756
1938.0	-0.0003950108099816087
1939.0	-0.00040842679959533676
1940.0	-0.0004204419048930607
1941.0	-0.00043101802016846285
1942.0	-0.00044012195607548855
1943.0	-0.00044772554305406824
1944.0	-0.0004538057176682877
1945.0	-0.0004583445915953394
1946.0	-0.00046132950306248177
1947.0	-0.00046275305058859646
1948.0	-0.00046261310894679187
1949.0	-0.00046091282732451484
1950.0	-0.00045766060971753355
1951.0	-0.0004528700776540093
1952.0	-0.00044656001540412105
1953.0	-0.00043875429788946003
1954.0	-0.0004294818015642631
1955.0	-0.0004187762985974515
1956.0	-0.00040667633474006804
1957.0	-0.00039322509131710153
1958.0	-0.00037847023183518354
1959.0	-0.0003624637337488693
1960.0	-0.00034526170597707793
1961.0	-0.0003269241928083098
1962.0	-0.000307514964878105
1963.0	-0.0002871012979443542
1964.0	-0.0002657537402262944
1965.0	-0.0002435458691098535
1966.0	-0.00022055403805673049
1967.0	-0.00019685711458617078
1968.0	-0.00017253621022678047
1969.0	-0.00014767440336160322
1970.0	-0.00012235645591169783
1971.0	-9.666852482287294e-05
1972.0	-7.069786933619395e-05
1973.0	-4.45325550350365e-05
1974.0	-1.8261155671110436e-05
1975.0	8.027546222495914e-06
1976.0	3.4244858920901965e-05
1977.0	6.030248029017301e-05
1978.0	8.61127947580588e-05
1979.0	0.00011158916747555604
1980.0	0.00013664623468307552
1981.0	0.0001612001893094529
1982.0	0.00018516906084976577
1983.0	0.000208472988588595
1984.0	0.00023103448725960243
1985.0	0.0002527787042590231
1986.0	0.0002736336675605739
1987.0	0.00029353052351228004
1988.0	0.00031240376373085134
1989.0	0.0003301914403472248
1990.0	0.00034683536889778453
1991.0	0.000362281318197886
1992.0	0.00037647918657985843
1993.0	0.00038938316392414377
1994.0	0.00040095187896126144
1995.0	0.00041114853137269375
1996.0	0.00041994100827069225
1997.0	0.0004273019846903623
1998.0	0.00043320900778182395
1999.0	0.0004376445644456422
2000.0	0.00044059613221085025
2001.0	0.0004420562132117559
2002.0	0.0004420223511767704
2003.0	0.0004404971313999239
2004.0	0.0004374881637230501
2005.0	0.0004330080486138041
2006.0	0.00042707432648149695
2007.0	0.00041970941042885745
2008.0	0.0004109405026934856
2009.0	0.00040079949508698516
2010.0	0.0003893228537934644
2011.0	0.00037655148894099157
2012.0	0.0003625306094102096
2013.0	0.0003473095633934075
2014.0	0.00033094166526431755
2015.0	0.0003134840093642877
2016.0	0.00029499727135341583
2017.0	0.000275545497816184
2018.0	0.00025519588484937145
2019.0	0.0002340185463963352
2020.0	0.00021208627312454967
2021.0	0.00018947428267421023
2022.0	0.00016625996213344776
2023.0	0.00014252260362011566
2024.0	0.00011834313387250588
2025.0	9.380383876943319e-05
2026.0	6.898808371620007e-05
2027.0	4.3980030845279777e-05
2028.0	1.8864353989392867e-05
2029.0	-6.2740476088076445e-06
2030.0	-3.135033588395116e-05
2031.0	-5.6280019866036465e-05
2032.0	-8.097923996701968e-05
2033.0	-0.0001053650496807227
2034.0	-0.00012935569375112106
2035.0	-0.0001528708818773958
2036.0	-0.0001758320570406876
2037.0	-0.0001981626575572003
2038.0	-0.00021978837198461103
2039.0	-0.00024063738603446864
2040.0	-0.00026064062067142433
2041.0	-0.00027973196061105497
2042.0	-0.00029784847246187607
2043.0	-0.00031493061179300243
2044.0	-0.0003309224184473669
2045.0	-0.0003457716994613749
2046.0	-0.0003594301989941909
2047.0	-0.0003718537547149779
2048.0	-0.000383002440142634
2049.0	-0.00039284069248080565
2050.0	-0.00040133742554055417
2051.0	-0.00040846612739385774
2052.0	-0.0004142049424532136
2053.0	-0.0004185367377255002
2054.0	-0.00042144915304201543
2055.0	-0.00042293463512081556
2056.0	-0.0004229904553723128
2057.0	-0.0004216187114138123
2058.0	-0.0004188263123137935
2059.0	-0.000414624947641367
2060.0	-0.0004090310404508586
2061.0	-0.0004020656843853694
2062.0	-0.00039375456513633493
2063.0	-0.0003841278665485384
2064.0	-0.0003732201617111311
2065.0	-0.00036107028942543654
2066.0	-0.00034772121648887766
2067.0	-0.0003332198862814068
2068.0	-0.00031761705418635296
2069.0	-0.0003009671104209693
2070.0	-0.00028332789089353114
2071.0	-0.00026476047674328
2072.0	-0.0002453289832564289
2073.0	-0.00022510033888637404
2074.0	-0.00020414405513828528
2075.0	-0.00018253198810792284
2076.0	-0.0001603380924912884
2077.0	-0.0001376381689061558
2078.0	-0.00011450960538716146
2079.0	-9.1031113935013e-05
2080.0	-6.728246301533625e-05
2081.0	-4.3344206914887416e-05
2082.0	-1.929741287239658e-05
2083.0	4.776613093162782e-06
2084.0	2.8796600730632543e-05
2085.0	5.268158955520994e-05
2086.0	7.635120137502722e-05
2087.0	9.972591042942038e-05
2088.0	0.00012272731023224483
2089.0	0.00014527837622607264
2090.0	0.00016730372336843367
2091.0	0.0001887298577899594
2092.0	0.00020948542168537502
2093.0	0.00022950143062252907
2094.0	0.0002487115024813229
2095.0	0.0002670520772640022
2096.0	0.000284462627049989
2097.0	0.00030088585540293683
2098.0	0.00031626788557423174
2099.0	0.00033055843688584646
2100.0	0.00034371098871646834
2101.0	0.00035568293155711906
2102.0	0.00036643570464725946
2103.0	0.00037593491974807986
2104.0	0.0003841504706571093
2105.0	0.00039105662811709477
2106.0	0.00039663211982159726
2107.0	0.0004008601952706387
2108.0	0.0004037286752810649
2109.0	0.00040522998600828045
2110.0	0.0004053611773884827
2111.0	0.0004041239259631351
2112.0	0.000401524522100061
2113.0	0.0003975738416781918
2114.0	0.0003922873023551538
2115.0	0.00038568480458869045
2116.0	0.00037779065763411234
2117.0	0.00036863349079002813
2118.0	0.0003582461502142356
2119.0	0.000346665581679461
2120.0	0.00033393269968565566
2121.0	0.00032009224339091084
2122.0	0.00030519261986653194
2123.0	0.00028928573522416087
2124.0	0.00027242681420243213
2125.0	0.0002546742088389911
2126.0	0.00023608919688940374
2127.0	0.0002167357706879666
2128.0	0.00019668041717671404
2129.0	0.0001759918898575144
2130.0	0.00015474097344826817
2131.0	0.0001330002420475043
2132.0	0.00011084381163254742
2133.0	8.834708773407859e-05
2134.0	6.55865091449678e-05
2135.0	4.263928853345594e-05
2136.0	1.95831508395276e-05
2137.0	-3.5039296599837302e-06
2138.0	-2.6543992729466956e-05
2139.0	-4.9459355107117284e-05
2140.0	-7.21728721062144e-05
2141.0	-9.46081970055134e-05
2142.0	-0.00011669003735731106
2143.0	-0.00013834440735396338
2144.0	-0.00015949887540804022
2145.0	-0.00018008280611845067
2146.0	-0.00020002759581554553
2147.0	-0.0002192669009005284
2148.0	-0.00023773685822033941
2149.0	-0.0002553762967468929
2150.0	-0.0002721269398602311
2151.0	-0.00028793359756754637
2152.0	-0.00030274434802518585
2153.0	-0.0003165107077677082
2154.0	-0.00032918779008682706
2155.0	-0.0003407344510442078
2156.0	-0.0003511134226440666
2157.0	-0.00036029143273597574
2158.0	-0.0003682393112633042
2159.0	-0.000374932082519413
2160.0	-0.0003803490431215007
2161.0	-0.00038447382546040595
2162.0	-0.0003872944464340404
2163.0	-0.0003888033413220883
2164.0	-0.000388997382709778
2165.0	-0.0003878778844191486
2166.0	-0.0003854505904568083
2167.0	-0.00038172564903765616
2168.0	-0.00037671757179426075
2169.0	-0.0003704451783313983
2170.0	-0.0003629315263343263
2171.0	-0.0003542038274878807
2172.0	-0.00034429334951080427
2173.0	-0.0003332353046561539
2174.0	-0.0003210687250737327
2175.0	-0.00030783632547408835
2176.0	-0.000293584353576
2177.0	-0.00027836242885954845
2178.0	-0.0002622233701857959
2179.0	-0.0002452230128806611
2180.0	-0.00022742001591514235
2181.0	-0.00020887565984678558
2182.0	-0.00018965363621706614
2183.0	-0.0001698198291274428
2184.0	-0.00014944208974211224
2185.0	-0.00012859000448798988
2186.0	-0.00010733465774295748
2187.0	-8.574838982047372e-05
2188.0	-6.390455107357874e-05
2189.0	-4.187725295303141e-05
2190.0	-1.9741116863506922e-05
2191.0	2.428978332152769e-06
2192.0	2.4558149307227e-05
2193.0	4.65717609101073e-05
2194.0	6.839567759675926e-05
2195.0	8.995651281034798e-05
2196.0	0.00011118187547040723
2197.0	0.00013200061274434198
2198.0	0.0001523430482882292
2199.0	0.0001721412151600417
2200.0	0.00019132908262772363
2201.0	0.00020984277611612125
2202.0	0.0002276207895611053
2203.0	0.0002446041894658011
2204.0	0.0002607368099828281
2205.0	0.0002759654383778868
2206.0	0.0002902399902629392
2207.0	0.0003035136740231301
2208.0	0.0003157431438985852
2209.0	0.0003268886412210691
2210.0	0.00033691412334666026
2211.0	0.00034578737986717565
2212.0	0.00035348013572695234
2213.0	0.00035996814091613467
2214.0	0.0003652312464572882
2215.0	0.0003692534664489742
2216.0	0.0003720230259770161
2217.0	0.0003735323947523196
2218.0	0.00037377830638230035
2219.0	0.00037276176323162687
2220.0	0.00037048802687655825
2221.0	0.0003669665942057953
2222.0	0.00036221115926903815
2223.0	0.0003562395610223416
2224.0	0.0003490737171667562
2225.0	0.00034073954432325667
2226.0	0.0003312668648328032
2227.0	0.00032068930051487197
2228.0	0.0003090441537615986
2229.0	0.000296372276386442
2230.0	0.00028271792668731676
2231.0	0.0002681286152230594
2232.0	0.0002526549398393684
2233.0	0.000236350410516084
2234.0	0.00021927126464091817
2235.0	0.00020147627334630687
2236.0	0.00018302653957530607
2237.0	0.00016398528856930274
2238.0	0.00014441765149487062
2239.0	0.00012439044294942306
2240.0	0.00010397193310460488
2241.0	8.323161526361395e-05
2242.0	6.223996962287544e-05
2243.0	4.106822404022735e-05
2244.0	1.9788112620711985e-05
2245.0	-1.5283670626888273e-06
2246.0	-2.2809197292640495e-05
2247.0	-4.398258325391188e-05
2248.0	-6.497719498326578e-05
2249.0	-8.572240740854645e-05
2250.0	-0.00010614853766965481
2251.0	-0.00012618707892518804
2252.0	-0.00014577092986088006
2253.0	-0.00016483461913191326
2254.0	-0.000183314523989127
2255.0	-0.0002011490823600736
2256.0	-0.00021827899767860837
2257.0	-0.0002346474357825345
2258.0	-0.00025020021322614855
2259.0	-0.00026488597638472353
2260.0	-0.00027865637075976833
2261.0	-0.00029146619992752266
2262.0	-0.0003032735736094207
2263.0	-0.0003140400443800502
2264.0	-0.00032373073256755706
2265.0	-0.0003323144389416909
2266.0	-0.0003397637448264866
2267.0	-0.0003460550993174828
2268.0	-0.0003511688933273175
2269.0	-0.00035508952022832553
2270.0	-0.0003578054229063292
2271.0	-0.0003593091270858225
2272.0	-0.00035959726083332815
2273.0	-0.00035867056019237204
2274.0	-0.0003565338609504104
2275.0	-0.0003531960765847733
2276.0	-0.0003486701624812595
2277.0	-0.00034297306656515974
2278.0	-0.0003361256665301358
2279.0	-0.00032815269389530055
2280.0	-0.0003190826451649814
2281.0	-0.0003089476804087462
2282.0	-0.00029778350962116453
2283.0	-0.00028562926726177947
2284.0	-0.0002725273754146246
2285.0	-0.00025852339604487146
2286.0	-0.00024366587286593676
2287.0	-0.00022800616336492163
2288.0	-0.0002115982615666116
2289.0	-0.00019449861214667448
2290.0	-0.00017676591653315336
2291.0	-0.0001584609316612924
2292.0	-0.0001396462620708301
2293.0	-0.00012038614605618461
2294.0	-0.00010074623659919258
2295.0	-8.079337783058107e-05
2296.0	-6.0595377780428995e-05
2297.0	-4.022077818932471e-05
2298.0	-1.9738622160905524e-05
2299.0	7.817795576890631e-07
2300.0	2.1271082876636333e-05
2301.0	4.166014445489293e-05
2302.0	6.188025479231078e-05
2303.0	8.186336953773803e-05
2304.0	0.00010154233823525104
2305.0	0.0001208511297399453
2306.0	0.00013972505354787647
2307.0	0.00015810097629864696
2308.0	0.00017591753272702953
2309.0	0.0001931153303594721
2310.0	0.00020963714727343735
2311.0	0.0002254281222618672
2312.0	0.00024043593677155917
2313.0	0.0002546109880128516
2314.0	0.0002679065526686177
2315.0	0.0002802789406630389
2316.0	0.00029168763848490324
2317.0	0.0003020954415960844
2318.0	0.00031146857549330754
2319.0	0.0003197768050301799
2320.0	0.00032699353164654887
2321.0	0.000333095878193642
2322.0	0.0003380647610854604
2323.0	0.00034188494955036193
2324.0	0.00034454511180020226
2325.0	0.00034603784797911314
2326.0	0.00034635970979855876
2327.0	0.00034551120681043115
2328.0	0.0003434967993150887
2329.0	0.0003403248779462896
2330.0	0.00033600773001990817
2331.0	0.00033056149277779887
2332.0	0.00032400609370223103
2333.0	0.00031636517811972284
2334.0	0.00030766602435560895
2335.0	0.00029793944674241747
2336.0	0.00028721968682561116
2337.0	0.00027554429314962
2338.0	0.0002629539900452496
2339.0	0.00024949253587571666
2340.0	0.0002352065712340097
2341.0	0.00022014545761708283
2342.0	0.00020436110713408558
2343.0	0.00018790780383507984
2344.0	0.00017084201727459976
2345.0	0.00015322220894922788
2346.0	0.00013510863227201566
2347.0	0.00011656312676725997
2348.0	9.764890718780023e-05
2349.0	7.84303482732041e-05
2350.0	5.897276588084791e-05
2351.0	3.9342195233430704e-05
2352.0	1.960516703477383e-05
2353.0	-1.7151778743985935e-07
2354.0	-1.9921013950593936e-05
2355.0	-3.957665753414599e-05
2356.0	-5.907219078382523e-05
2357.0	-7.83419852453044e-05
2358.0	-9.732126247676779e-05
2359.0	-0.00011594631159886088
2360.0	-0.00013415470295192588
2361.0	-0.00015188549714503232
2362.0	-0.00016907944879718142
2363.0	-0.00018567920429038583
2364.0	-0.0002016294928751928
2365.0	-0.0002168773104925655
2366.0	-0.00023137209570146255
2367.0	-0.00024506589712888435
2368.0	-0.0002579135318885185
2369.0	-0.0002698727344453306
2370.0	-0.00028090429543635567
2371.0	-0.0002909721899924877
2372.0	-0.000300043695142043
2373.0	-0.000308089495914398
2374.0	-0.0003150837798003588
2375.0	-0.00032100431926596464
2376.0	-0.0003258325420569621
2377.0	-0.0003295535890726457
2378.0	-0.0003321563596302467
2379.0	-0.00033363354398356507
2380.0	-0.0003339816430028685
2381.0	-0.0003332009749665052
2382.0	-0.0003312956694581813
2383.0	-0.00032827364840740374
2384.0	-0.0003241465943539131
2385.0	-0.00031892990605992036
2386.0	-0.0003126426416365025
2387.0	-0.0003053074493924179
2388.0	-0.00029695048665474453
2389.0	-0.00028760132685102906
2390.0	-0.0002772928551818448
2391.0	-0.0002660611532507148
2392.0	-0.00025394537305518375
2393.0	-0.00024098760077812583
2394.0	-0.00022723271085232444
2395.0	-0.00021272821080336622
2396.0	-0.00019752407740668103
2397.0	-0.00018167258472284774
2398.0	-0.00016522812460198748
2399.0	-0.00014824702027317269
2400.0	-0.0001307873336564491
2401.0	-0.00011290866705645532
2402.0	-9.467195991374935e-05
2403.0	-7.613928130648746e-05
2404.0	-5.73736189082635e-05
2405.0	-3.8438665118746985e-05
2406.0	-1.939860109284163e-05
2407.0	-3.178793998711779e-07
2408.0	1.8738993951886206e-05
2409.0	3.7707677388805526e-05
2410.0	5.652421080844586e-05
2411.0	7.512523104757397e-05
2412.0	9.344818505647155e-05
2413.0	0.00011143154006299795
2414.0	0.00012901499002094098
2415.0	0.00014613965765067328
2416.0	0.0001627482913957838
2417.0	0.0001787854566376526
2418.0	0.00019419772052967343
2419.0	0.00020893382983570792
2420.0	0.00022294488118149267
2421.0	0.00023618448315386188
2422.0	0.00024860890971150165
2423.0	0.0002601772444001541
2424.0	0.00027085151489768635
2425.0	0.00028059681744693966
2426.0	0.000289381430769522
2427.0	0.0002971769190894468
2428.0	0.00030395822393275245
2429.0	0.0003097037444076482
2430.0	0.00031439540570890525
2431.0	0.0003180187156303009
2432.0	0.0003205628089096317
2433.0	0.0003220204792722004
2434.0	0.000322388199080204
2435.0	0.0003216661265375664
2436.0	0.00031985810044166097
2437.0	0.0003169716225155609
2438.0	0.0003130178273961842
2439.0	0.0003080114403953419
2440.0	0.00030197072319184423
2441.0	0.00029491740765321566
2442.0	0.0002868766180255556
2443.0	0.0002778767817688925
2444.0	0.0002679495293534048
2445.0	0.00025712958336877693
2446.0	0.00024545463733446774
2447.0	0.00023296522463311974
2448.0	0.00021970457802189666
2449.0	0.00020571848020802886
2450.0	0.0001910551060041025
2451.0	0.00017576485660673012
2452.0	0.00015990018656781256
2453.0	0.00014351542405174498
2454.0	0.000126666584993869
2455.0	0.00010941118179500203
2456.0	9.180802720492286e-05
2457.0	7.391703406278618e-05
2458.0	5.579901157571764e-05
2459.0	3.751545882765936e-05
2460.0	1.9128356219066164e-05
2461.0	6.999555439096781e-07
2462.0	-1.7707430585334367e-05
2463.0	-3.603163925332948e-05
2464.0	-5.421086698742354e-05
2465.0	-7.218387802602816e-05
2466.0	-8.989021040855323e-05
2467.0	-0.00010727037919403947
2468.0	-0.0001242660761258974
2469.0	-0.00014082036507316413
2470.0	-0.000156877872593898
2471.0	-0.00017238497298331938
2472.0	-0.00018728996718907648
2473.0	-0.0002015432549969831
2474.0	-0.0002150974999147004
2475.0	-0.00022790778620556009
2476.0	-0.00023993176755220458
2477.0	-0.0002511298068587512
2478.0	-0.0002614651067303256
2479.0	-0.00027090383020119476
2480.0	-0.000279415211316
2481.0	-0.00028697165520338136
2482.0	-0.0002935488273171905
2483.0	-0.00029912573155745233
2484.0	-0.0003036847770211381
2485.0	-0.0003072118331714881
2486.0	-0.00030969627325398144
2487.0	-0.00031113100582693255
2488.0	-0.00031151249431498793
2489.0	-0.00031084076453432186
2490.0	-0.00030911940017898376
2491.0	-0.00030635552629856627
2492.0	-0.000302559780837741
2493.0	-0.000297746274348571
2494.0	-0.0002919325380261236
2495.0	-0.00028513946025734613
2496.0	-0.00027739121191144964
2497.0	-0.00026871516063803336
2498.0	-0.00025914177447578695
2499.0	-0.0002487045151103426
2500.0	-0.00023743972115445114
2501.0	-0.0002253864818568107
2502.0	-0.00021258650167769446
2503.0	-0.000199083956199839
2504.0	-0.0001849253398717417
2505.0	-0.00017015930610742155
2506.0	-0.00015483650029192398
2507.0	-0.0001390093862650688
2508.0	-0.00012273206687735908
2509.0	-0.00010606009923105463
2510.0	-8.905030523690782e-05
2511.0	-7.176057813168828e-05
2512.0	-5.424968561502344e-05
2513.0	-3.6577070274093496e-05
2514.0	-1.8802647973507804e-05
2515.0	-9.866048935854368e-07
2516.0	1.6810806096195785e-05
2517.0	3.4529469039897356e-05
2518.0	5.210960778691785e-05
2519.0	6.949198748840949e-05
2520.0	8.66181140196879e-05
2521.0	0.00010343043065799348
2522.0	0.00011987251135459412
2523.0	0.00013588924995296744
2524.0	0.00015142704471892798
2525.0	0.00016643397756542174
2526.0	0.00018085998737324427
2527.0	0.00019465703682951341
2528.0	0.00020777927222850008
2529.0	0.00022018317570371055
2530.0	0.00023182770938636173
2531.0	0.00024267445101324632
2532.0	0.0002526877205363959
2533.0	0.00026183469731800115
2534.0	0.00027008552752606573
2535.0	0.00027741342138015213
2536.0	0.00028379473993098484
2537.0	0.00028920907109359067
2538.0	0.00029363929469011394
2539.0	0.00029707163629596285
2540.0	0.0002994957097209438
2541.0	0.00030090454799562593
2542.0	0.0003012946227720968
2543.0	0.00030066585208758027
2544.0	0.0002990215964786473
2545.0	0.00029636864347318075
2546.0	0.0002927171805263717
2547.0	0.0002880807565060488
2548.0	0.00028247623187113886
2549.0	0.00027592371772500266
2550.0	0.0002684465039628689
2551.0	0.00026007097676901706
2552.0	0.00025082652575505126
2553.0	0.00024074544106535058
2554.0	0.00022986280080899936
2555.0	0.0002182163492100526
2556.0	0.00020584636589865554
2557.0	0.0001927955267949093
2558.0	0.00017910875706550044
2559.0	0.00016483307665895314
2560.0	0.00015001743895002966
2561.0	0.0001347125630464861
2562.0	0.0001189707603318252
2563.0	0.00010284575583697489
2564.0	8.639250505005497e-05
2565.0	6.96670067883683e-05
2566.0	5.272611276929012e-05
2567.0	3.5627334527093624e-05
2568.0	1.8428648330811584e-05
2569.0	1.1882987644858643e-06
2570.0	-1.603539836544086e-05
2571.0	-3.3184253129050394e-05
2572.0	-5.0200397912498335e-05
2573.0	-6.702648253581337e-05
2574.0	-8.36058673912485e-05
2575.0	-9.988281395245137e-05
2576.0	-0.00011580267201410195
2577.0	-0.0001313120630335457
2578.0	-0.0001463590589598178
2579.0	-0.00016089335595146379
2580.0	-0.00017486644240246072
2581.0	-0.00018823176071550474
2582.0	-0.0002009448622836664
2583.0	-0.00021296355516500608
2584.0	-0.0002242480439599708
2585.0	-0.00023476106142841942
2586.0	-0.00024446799141139607
2587.0	-0.00025333698265270194
2588.0	-0.0002613390531467129
2589.0	-0.0002684481846708884
2590.0	-0.00027464140719546816
2591.0	-0.00027989887289699535
2592.0	-0.0002842039195378996
2593.0	-0.00028754312301064065
2594.0	-0.00028990633888151154
2595.0	-0.0002912867328067762
2596.0	-0.00029168079973135525
2597.0	-0.00029108837181841016
2598.0	-0.00028951261509616087
2599.0	-0.0002869600148464814
2600.0	-0.00028344034979775655
2601.0	-0.0002789666552222489
2602.0	-0.000273555175075543
2603.0	-0.00026722530335252155
2604.0	-0.00025999951487048686
2605.0	-0.00025190328572557356
2606.0	-0.00024296500370309354
2607.0	-0.00023321586895612466
2608.0	-0.00022268978529920054
2609.0	-0.0002114232424949578
2610.0	-0.00019945518994220592
2611.0	-0.00018682690220155106
2612.0	-0.0001735818368226896
2613.0	-0.00015976548496221413
2614.0	-0.0001454252153050722
2615.0	-0.00013061011182442924
2616.0	-0.00011537080593533567
2617.0	-9.975930361528964e-05
2618.0	-8.382880808178745e-05
2619.0	-6.763353863070112e-05
2620.0	-5.1228546252048536e-05
2621.0	-3.466952664954665e-05
2622.0	-1.801263129850325e-05
2623.0	-1.3142771827267304e-06
2624.0	1.536904414562953e-05
2625.0	3.198095753737689e-05
2626.0	4.846539460354139e-05
2627.0	6.476678281663287e-05
2628.0	8.083023271819134e-05
2629.0	9.660172260280472e-05
2630.0	0.00011202828005731536
2631.0	0.00012705815974590714
2632.0	0.00014164101684467482
2633.0	0.0001557280755448418
2634.0	0.00016927229206123564
2635.0	0.000182228511601406
2636.0	0.00019455361877246087
2637.0	0.00020620668092467213
2638.0	0.00021714908395608422
2639.0	0.00022734466012779074
2640.0	0.00023675980746728486
2641.0	0.0002453636003663308
2642.0	0.00025312789100954833
2643.0	0.00026002740130185613
2644.0	0.00026603980499481585
2645.0	0.0002711457997458651
2646.0	0.0002753291688783596
2647.0	0.0002785768326456046
2648.0	0.00028087888883765563
2649.0	0.00028222864260584466
2650.0	0.00028262262541658067
2651.0	0.00028206060308275387
2652.0	0.00028054557285804127
2653.0	0.0002780837496163737
2654.0	0.0002746845411756517
2655.0	0.00027036051286139385
2656.0	0.0002651273414422824
2657.0	0.0002590037586052221
2658.0	0.00025201148417277296
2659.0	0.0002441751493002099
2660.0	0.00023552220992295939
2661.0	0.00022608285075791145
2662.0	0.00021588988019357247
2663.0	0.00020497861643444925
2664.0	0.00019338676529426658
2665.0	0.0001811542900602126
2666.0	0.00016832327387681636
2667.0	0.00015493777512294322
2668.0	0.0001410436762781643
2669.0	0.00012668852679668745
2670.0	0.00011192138052628156
2671.0	9.679262822754838e-05
2672.0	8.135382576507583e-05
2673.0	6.56575185555171e-05
2674.0	4.975706287017141e-05
2675.0	3.370644459909874e-05
2676.0	1.7560096091992885e-05
2677.0	1.3727116968023211e-06
2678.0	-1.4800937379333369e-05
2679.0	-3.0906188260456085e-05
2680.0	-4.688867101798112e-05
2681.0	-6.269449208928107e-05
2682.0	-7.8270415880752e-05
2683.0	-9.356404394344207e-05
2684.0	-0.00010852399111888013
2685.0	-0.00012310005806336337
2686.0	-0.0001372433995716336
2687.0	-0.0001509066881363621
2688.0	-0.0001640442721957015
2689.0	-0.00017661232854061416
2690.0	-0.00018856900837327533
2691.0	-0.00019987457653030462
2692.0	-0.00021049154340806636
2693.0	-0.00022038478915233745
2694.0	-0.0002295216797015644
2695.0	-0.0002378721743004949
2696.0	-0.00024540892413064356
2697.0	-0.00025210736173400734
2698.0	-0.0002579457809383293
2699.0	-0.0002629054070243522
2700.0	-0.0002669704569087767
2701.0	-0.00027012818915075746
2702.0	-0.0002723689436242224
2703.0	-0.00027368617073342434
2704.0	-0.00027407645008466685
2705.0	-0.00027353949856272924
2706.0	-0.0002720781677964864
2707.0	-0.0002696984310340126
2708.0	-0.0002664093594832474
2709.0	-0.0002622230882097932
2710.0	-0.00025715477171864135
2711.0	-0.00025122252938125666
2712.0	-0.00024444738090372464
2713.0	-0.00023685317206485756
2714.0	-0.0002284664909860594
2715.0	-0.00021931657522618374
2716.0	-0.0002094352100254866
2717.0	-0.0001988566180522247
2718.0	-0.0001876173410337667
2719.0	-0.00017575611368119012
2720.0	-0.0001633137303416769
2721.0	-0.00015033290483750308
2722.0	-0.00013685812397246457
2723.0	-0.0001229354952079259
2724.0	-0.0001086125890293289
2725.0	-9.393827654196685e-05
2726.0	-7.896256284960299e-05
2727.0	-6.373641678398233e-05
2728.0	-4.831159756431714e-05
2729.0	-3.274047897583801e-05
2730.0	-1.7075871664439706e-05
2731.0	-1.3708441497085715e-06
2732.0	1.4321456837277724e-05
2733.0	2.9947986083691484e-05
2734.0	4.545597908469051e-05
2735.0	6.0793130088397044e-05
2736.0	7.590776839557856e-05
2737.0	9.074903232031298e-05
2738.0	0.00010526704022636665
2739.0	0.00011941305806434561
2740.0	0.000133139662847602
2741.0	0.00014640090151850962
2742.0	0.0001591524446736497
2743.0	0.000171351734633877
2744.0	0.0001829581273649869
2745.0	0.00019393302777627979
2746.0	0.0002042400179467842
2747.0	0.0002138449778537082
2748.0	0.00022271619820317574
2749.0	0.00023082448499053566
2750.0	0.0002381432554459566
2751.0	0.00024464862505027443
2752.0	0.00025031948533684833
2753.0	0.000255137572226393
2754.0	0.0002590875246741758
2755.0	0.0002621569334417843
2756.0	0.00026433637983940103
2757.0	0.000265619464318469
2758.0	0.00026600282482904945
2759.0	0.0002654861448909505
2760.0	0.00026407215136239263
2761.0	0.00026176660192488046
2762.0	0.000258578262337657
2763.0	0.00025451887354964453
2764.0	0.0002496031087908866
2765.0	0.00024384852079934903
2766.0	0.00023727547937197366
2767.0	0.00022990709946148257
2768.0	0.00022176916007200526
2769.0	0.00021289001423764435
2770.0	0.00020330049039763072
2771.0	0.00019303378551066824
2772.0	0.0001821253502785863
2773.0	0.00017061276687551806
2774.0	0.00015853561960409222
2775.0	0.00014593535892302154
2776.0	0.00013285515931299365
2777.0	0.00011933977146761027
2778.0	0.00010543536931508987
2779.0	9.118939239324245e-05
2780.0	7.665038411531783e-05
2781.0	6.18678264778412e-05
2782.0	4.68919717726828e-05
2783.0	3.177367187554448e-05
2784.0	1.6564205690069523e-05
2785.0	1.3151053331235136e-06
2786.0	-1.3922018350349648e-05
2787.0	-2.9095650352298956e-05
2788.0	-4.415454555630502e-05
2789.0	-5.904790169442009e-05
2790.0	-7.372553062273191e-05
2791.0	-8.813802733855468e-05
2792.0	-0.00010223693617043578
2793.0	-0.00011597491358228797
2794.0	-0.0001293058870450081
2795.0	-0.00014218520944281787
2796.0	-0.000154569808497189
2797.0	-0.00016641833070859185
2798.0	-0.00017769127933549205
2799.0	-0.00018835114595037718
2800.0	-0.0001983625351351384
2801.0	-0.00020769228190160806
2802.0	-0.00021630956144791586
2803.0	-0.0002241859908880692
2804.0	-0.00023129572261912693
2805.0	-0.00023761552901946316
2806.0	-0.00024312487820085432
2807.0	-0.0002478060005678172
2808.0	-0.00025164394596898995
2809.0	-0.00025462663125722356
2810.0	-0.00025674487810778933
2811.0	-0.00025799244097710777
2812.0	-0.00025836602511789594
2813.0	-0.00025786529460027356
2814.0	-0.00025649287032225793
2815.0	-0.00025425431802686394
2816.0	-0.0002511581263768218
2817.0	-0.0002472156751714327
2818.0	-0.0002424411938233926
2819.0	-0.0002368517102460568
2820.0	-0.00023046699033405275
2821.0	-0.0002233094682516062
2822.0	-0.00021540416777380677
2823.0	-0.0002067786149561432
2824.0	-0.00019746274243645783
2825.0	-0.00018748878570164977
2826.0	-0.0001768911716779995
2827.0	-0.00016570640002989772
2828.0	-0.00015397291757568085
2829.0	-0.0001417309862522516
2830.0	-0.0001290225450816672
2831.0	-0.00011589106661224276
2832.0	-0.00010238140832551004
2833.0	-8.85396595162488e-05
2834.0	-7.441298416805916e-05
2835.0	-6.004946035975591e-05
2836.0	-4.5497916748830306e-05
2837.0	-3.080776668807901e-05
2838.0	-1.6028840538196733e-05
2839.0	-1.211216745382153e-06
2840.0	1.3594947744076163e-05
2841.0	2.8339587158004997e-05
2842.0	4.297289608796344e-05
2843.0	5.744549762272768e-05
2844.0	7.170860985838306e-05
2845.0	8.571421022406035e-05
2846.0	9.941519706969666e-05
2847.0	0.00011276554797295002
2848.0	0.00012572047423308657
2849.0	0.00013823657103385396
2850.0	0.00015027196277200982
2851.0	0.00016178644306537922
2852.0	0.00017274160897254241
2853.0	0.00018310098897650047
2854.0	0.00019283016430611375
2855.0	0.00020189688319196343
2856.0	0.00021027116767788443
2857.0	0.00021792541263450973
2858.0	0.00022483447664839397
2859.0	0.00023097576448771078
2860.0	0.000236329300874396
2861.0	0.0002408777953223939
2862.0	0.00024460669783188285
2863.0	0.00024750424526071013
2864.0	0.0002495614982257774
2865.0	0.0002507723684193853
2866.0	0.00025113363625801975
2867.0	0.00025064495881381974
2868.0	0.00024930886801189994
2869.0	0.0002471307591095616
2870.0	0.00024411886950630743
2871.0	0.00024028424796619739
2872.0	0.00023564071436639098
2873.0	0.0002302048101176081
2874.0	0.00022399573943373803
2875.0	0.00021703530165834237
2876.0	0.00020934781488615413
2877.0	0.00020096003114647128
2878.0	0.0001919010434439036
2879.0	0.00018220218497904924
2880.0	0.00017189692089765842
2881.0	0.0001610207329420148
2882.0	0.0001496109974015367
2883.0	0.00013770685678223785
2884.0	0.00012534908563501695
2885.0	0.00011257995100265468
2886.0	9.944306796245907e-05
2887.0	8.598325075804343e-05
2888.0	7.224636002809781e-05
2889.0	5.827914665232185e-05
2890.0	4.412909274628045e-05
2891.0	2.984425034518079e-05
2892.0	1.5473078324653193e-05
2893.0	1.0642781114117775e-06
2894.0	-1.333337125939923e-05
2895.0	-2.7671178181902338e-05
2896.0	-4.1900703054257703e-05
2897.0	-5.5973921834428955e-05
2898.0	-6.984338802518326e-05
2899.0	-8.346239254209873e-05
2900.0	-9.678512092637693e-05
2901.0	-0.00010976680737347728
2902.0	-0.0001223638850601529
2903.0	-0.00013453413226535845
2904.0	-0.00014623681379517594
2905.0	-0.00015743281723842135
2906.0	-0.00016808478359744134
2907.0	-0.00017815723185809663
2908.0	-0.00018761667708391014
2909.0	-0.0001964317416415147
2910.0	-0.00020457325918842397
2911.0	-0.00021201437107865224
2912.0	-0.00021873061486795222
2913.0	-0.00022470000462731425
2914.0	-0.00022990310280147268
2915.0	-0.00023432308337783527
2916.0	-0.00023794578616106955
2917.0	-0.0002407597619787326
2918.0	-0.00024275630867412077
2919.0	-0.00024392949777396044
2920.0	-0.00024427619175002783
2921.0	-0.00024379605182580917
2922.0	-0.00024249153631117977
2923.0	-0.00024036788948028154
2924.0	-0.0002374331210395781
2925.0	-0.0002336979762649601
2926.0	-0.0002291758969181143
2927.0	-0.00022388297308359147
2928.0	-0.00021783788609834685
2929.0	-0.00021106184277574678
2930.0	-0.0002035785011549737
2931.0	-0.0001954138880353759
2932.0	-0.00018659630858282273
2933.0	-0.00017715624832142975
2934.0	-0.00016712626784987192
2935.0	-0.00015654089064519078
2936.0	-0.0001454364843405673
2937.0	-0.00013385113588488726
2938.0	-0.00012182452101218411
2939.0	-0.00010939776846818276
2940.0	-9.661331945799928e-05
2941.0	-8.351478279515641e-05
2942.0	-7.014678624578082e-05
2943.0	-5.6554824574645435e-05
2944.0	-4.2785104809807796e-05
2945.0	-2.8884389252113903e-05
2946.0	-1.4899836762443698e-05
2947.0	-8.788428650392116e-07
2948.0	1.3131120791015204e-05
2949.0	2.708266706901081e-05
2950.0	4.0928653537005734e-05
2951.0	5.4622341674265534e-05
2952.0	6.811755455441717e-05
2953.0	8.136883247347553e-05
2954.0	9.433158599877209e-05
2955.0	0.00010696224592354796
2956.0	0.00011921840962339714
2957.0	0.00013105898332301582
2958.0	0.0001424443197964407
2959.0	0.00015333635103942361
2960.0	0.0001636987154703467
2961.0	0.00017349687923502233
2962.0	0.00018269825121069688
2963.0	0.0001912722913269124
2964.0	0.00019919061184318893
2965.0	0.00020642707124815117
2966.0	0.00021295786046973144
2967.0	0.00021876158111239783
2968.0	0.00022381931546482472
2969.0	0.00022811468804912404
2970.0	0.00023163391851193065
2971.0	0.00023436586568683986
2972.0	0.00023630206268792785
2973.0	0.00023743674292433072
2974.0	0.0002377668569568754
2975.0	0.00023729208014863952
2976.0	0.00023601481109257016
2977.0	0.0002339401608304455
2978.0	0.00023107593290866532
2979.0	0.00022743259434717398
2980.0	0.0002230232376285795
2981.0	0.00021786353384476331
2982.0	0.00021197167716795065
2983.0	0.00020536832084255656
2984.0	0.00019807650492243778
2985.0	0.0001901215760059835
2986.0	0.00018153109924816998
2987.0	0.00017233476295477218
2988.0	0.00016256427608841322
2989.0	0.0001522532590400329
2990.0	0.0001414371280416451
2991.0	0.00013015297361745047
2992.0	0.00011843943349014105
2993.0	0.00010633656037752374
2994.0	9.388568513152154e-05
2995.0	8.112927568695752e-05
2996.0	6.811079230103372e-05
2997.0	5.4874539576806524e-05
2998.0	4.146551577405744e-05
2999.0	2.792925991990493e-05
3000.0	1.4311697238223245e-05
