f	gamma
1.0	0.9763645123383365
2.0	0.9760734246449386
3.0	0.9755884131582945
4.0	0.9749096619685681
5.0	0.9740374357922069
6.0	0.9729720746469557
7.0	0.9717139938480484
8.0	0.9702636837542077
9.0	0.9686217095002961
10.0	0.9667887107539759
11.0	0.964765401371647
12.0	0.9625525690766567
13.0	0.9601510750596106
14.0	0.957561853564919
15.0	0.9547859114305628
16.0	0.9518243276005
17.0	0.9486782525976113
18.0	0.9453489079623792
19.0	0.9418375856584486
20.0	0.9381456474432506
21.0	0.9342745242047316
22.0	0.9302257152654764
23.0	0.9260007876529497
24.0	0.921601375337877
25.0	0.9170291784399583
26.0	0.9122859624021006
27.0	0.9073735571332651
28.0	0.9022938561204917
29.0	0.8970488155106582
30.0	0.8916404531623875
31.0	0.8860708476685168
32.0	0.8803421373499819
33.0	0.8744565192213946
34.0	0.868416247928929
35.0	0.8622236346611295
36.0	0.8558810460333015
37.0	0.849390902945959
38.0	0.842755679418043
39.0	0.8359779013955109
40.0	0.8290601455359642
41.0	0.8220050379699559
42.0	0.8148152530396876
43.0	0.8074935120157305
44.0	0.8000425817925158
45.0	0.7924652735632632
46.0	0.7847644414751056
47.0	0.7769429812651047
48.0	0.7690038288779172
49.0	0.7609499590658481
50.0	0.7527843839720634
51.0	0.7445101516977107
52.0	0.7361303448537269
53.0	0.7276480790981269
54.0	0.7190665016595487
55.0	0.7103887898478435
56.0	0.7016181495525352
57.0	0.692757813729936
58.0	0.6838110408797393
59.0	0.6747811135119035
60.0	0.6656713366046584
61.0	0.6564850360544361
62.0	0.6472255571185888
63.0	0.6378962628516893
64.0	0.6285005325362821
65.0	0.6190417601088894
66.0	0.6095233525821357
67.0	0.5999487284638128
68.0	0.5903213161737296
69.0	0.5806445524591878
70.0	0.5709218808099142
71.0	0.5611567498732988
72.0	0.551352611870758
73.0	0.5415129210160761
74.0	0.531641131936538
75.0	0.521740698097696
76.0	0.5118150702325859
77.0	0.5018676947762203
78.0	0.49190201230617137
79.0	0.4819214559900588
80.0	0.4719294500407483
81.0	0.46192940818005945
82.0	0.4519247321117857
83.0	0.4419188100048019
84.0	0.4319150149870564
85.0	0.4219167036512096
86.0	0.4119272145726883
87.0	0.40194986684091794
88.0	0.3919879586044746
89.0	0.3820447656309002
90.0	0.372123539881914
91.0	0.36222750810473053
92.0	0.352359870440206
93.0	0.3425237990485014
94.0	0.33272243675295554
95.0	0.3229588957028464
96.0	0.31323625605569394
97.0	0.30355756467976835
98.0	0.2939258338774386
99.0	0.2843440401299803
100.0	0.27481512286447074
101.0	0.26534198324335245
102.0	0.2559274829772629
103.0	0.2465744431616983
104.0	0.23728564313806297
105.0	0.22806381937965048
106.0	0.218911664403081
107.0	0.20983182570570147
108.0	0.20082690472945267
109.0	0.19189945585167037
110.0	0.18305198540329062
111.0	0.17428695071490385
112.0	0.16560675919108403
113.0	0.15701376741340986
114.0	0.14851028027256716
115.0	0.14009855012991804
116.0	0.13178077600888943
117.0	0.12355910281652792
118.0	0.11543562059554638
119.0	0.10741236380716565
120.0	0.09949131064504352
121.0	0.09167438238055985
122.0	0.08396344273970857
123.0	0.07636029731183383
124.0	0.06886669299042181
125.0	0.06148431744614538
126.0	0.05421479863234089
127.0	0.04705970432307405
128.0	0.0400205416839359
129.0	0.03309875687568861
130.0	0.026295734690865987
131.0	0.01961279822340923
132.0	0.013051208571404016
133.0	0.006612164572962858
134.0	0.00029680257528261547
135.0	-0.005893803763120414
136.0	-0.011958643637003705
137.0	-0.017896769225852517
138.0	-0.02370729579224361
139.0	-0.029389401747184473
140.0	-0.03494232868251349
141.0	-0.04036538137046762
142.0	-0.04565792773053707
143.0	-0.050819398763749656
144.0	-0.055849288454543296
145.0	-0.0607471536404009
146.0	-0.06551261384944743
147.0	-0.07014535110621459
148.0	-0.07464510970580819
149.0	-0.07901169595672217
150.0	-0.08324497789256324
151.0	-0.08734488495296791
152.0	-0.09131140763400827
153.0	-0.09514459710840145
154.0	-0.09884456481585144
155.0	-0.10241148202387068
156.0	-0.10584557935944114
157.0	-0.10914714631189458
158.0	-0.11231653070740213
159.0	-0.11535413815548165
160.0	-0.11826043146794421
161.0	-0.12103593005071586
162.0	-0.12368120926898592
163.0	-0.12619689978614343
164.0	-0.1285836868769818
165.0	-0.13084230971566077
166.0	-0.1329735606389283
167.0	-0.1349782843851191
168.0	-0.13685737730945763
169.0	-0.13861178657620316
170.0	-0.14024250932819002
171.0	-0.14175059183432326
172.0	-0.14313712861560274
173.0	-0.1444032615502574
174.0	-0.14555017895858433
175.0	-0.1465791146680924
176.0	-0.14749134705956285
177.0	-0.14828819809464613
178.0	-0.1489710323256241
179.0	-0.14954125588797246
180.0	-0.150000315476368
181.0	-0.1503496973047909
182.0	-0.15059092605137936
183.0	-0.1507255637887009
184.0	-0.15075520890010924
185.0	-0.15068149498286165
186.0	-0.15050608973867788
187.0	-0.15023069385242332
188.0	-0.14985703985960705
189.0	-0.1493868910033864
190.0	-0.1488220400817733
191.0	-0.1481643082857424
192.0	-0.14741554402894086
193.0	-0.14657762176970385
194.0	-0.14565244082607984
195.0	-0.14464192418457208
196.0	-0.14354801730330305
197.0	-0.14237268691030766
198.0	-0.1411179197976642
199.0	-0.1397857216121672
200.0	-0.1383781156432488
201.0	-0.13689714160885214
202.0	-0.13534485443995917
203.0	-0.13372332306447265
204.0	-0.13203462919114978
205.0	-0.13028086609428102
206.0	-0.1284641373998066
207.0	-0.1265865558735552
208.0	-0.12465024221228978
209.0	-0.12265732383823746
210.0	-0.12060993369777595
211.0	-0.11851020906494533
212.0	-0.11636029035044568
213.0	-0.11416231991677683
214.0	-0.11191844090016911
215.0	-0.10963079603994595
216.0	-0.10730152651595501
217.0	-0.10493277079469268
218.0	-0.10252666348474271
219.0	-0.1000853342021383
220.0	-0.09761090644625026
221.0	-0.09510549648679395
222.0	-0.09257121226253823
223.0	-0.09001015229229099
224.0	-0.08742440459872416
225.0	-0.08481604564559234
226.0	-0.08218713928888813
227.0	-0.07953973574246528
228.0	-0.07687587055865251
229.0	-0.07419756362436476
230.0	-0.07150681817321232
231.0	-0.06880561981409197
232.0	-0.06609593557673385
233.0	-0.06337971297466674
234.0	-0.06065887908604776
235.0	-0.05793533965279442
236.0	-0.055210978198439994
237.0	-0.05248765516512175
238.0	-0.049767207070098254
239.0	-0.04705144568217673
240.0	-0.04434215721841891
241.0	-0.041641101561479724
242.0	-0.03895001149791815
243.0	-0.03627059197780522
244.0	-0.03360451939594184
245.0	-0.0309534408949805
246.0	-0.028318973690733627
247.0	-0.025702704419935732
248.0	-0.023106188510709127
249.0	-0.020530949575972936
250.0	-0.01797847883001359
251.0	-0.015450234528425612
252.0	-0.012947641431612946
253.0	-0.010472090292025199
254.0	-0.008024937365292965
255.0	-0.005607503945402471
256.0	-0.003221075924042388
257.0	-0.0008669033742362033
258.0	0.0014537998416419978
259.0	0.003739856439383505
260.0	0.005990126055926467
261.0	0.008203505567749035
262.0	0.010378929384637688
263.0	0.012515369718808702
264.0	0.014611836829375984
265.0	0.0166673792421743
266.0	0.01868108394496041
267.0	0.020652076558031994
268.0	0.02257952148031799
269.0	0.024462622011006928
270.0	0.026300620446798935
271.0	0.028092798154877086
272.0	0.029838475621711626
273.0	0.031537012477822146
274.0	0.03318780749864084
275.0	0.034790298581628076
276.0	0.036343962699812354
277.0	0.03784831583193464
278.0	0.039302912869393296
279.0	0.040707347500200136
280.0	0.042061252070167594
281.0	0.043364297421563974
282.0	0.04461619270948418
283.0	0.04581668519619581
284.0	0.046965560023734115
285.0	0.04806263996503036
286.0	0.0491077851538695
287.0	0.0501008927939865
288.0	0.05104189684761929
289.0	0.05193076770385089
290.0	0.052767511827079394
291.0	0.05355217138597033
292.0	0.05428482386325138
293.0	0.05496558164672295
294.0	0.05559459160186569
295.0	0.056172034626436156
296.0	0.056698125187451195
297.0	0.05717311084096982
298.0	0.057597271735090536
299.0	0.0579709200965894
300.0	0.05829439970163279
301.0	0.058568085331006374
302.0	0.05879238221030805
303.0	0.058967725435560975
304.0	0.059094579384708086
305.0	0.05917343711545704
306.0	0.05920481974994901
307.0	0.05918927584673181
308.0	0.05912738076052203
309.0	0.05901973599024647
310.0	0.05886696851585717
311.0	0.05866973012441905
312.0	0.05842869672597308
313.0	0.058144567659681
314.0	0.05781806499076131
315.0	0.05744993279872884
316.0	0.05704093645745315
317.0	0.056591861907552304
318.0	0.05610351492164166
319.0	0.05557672036295775
320.0	0.0550123214378788
321.0	0.05441117894286479
322.0	0.05377417050633927
323.0	0.05310218982603654
324.0	0.052396145902336724
325.0	0.051656962268111006
326.0	0.050885576215598166
327.0	0.050082938020833426
328.0	0.049250010166146774
329.0	0.04838776656124863
330.0	0.04749719176341696
331.0	0.04657928019729725
332.0	0.04563503537482606
333.0	0.044665469115781356
334.0	0.04367160076946505
335.0	0.042654456438013855
336.0	0.04161506820183516
337.0	0.04055447334765599
338.0	0.03947371359967178
339.0	0.03837383435427611
340.0	0.03725588391884324
341.0	0.03612091275503823
342.0	0.03496997272711237
343.0	0.03380411635564754
344.0	0.03262439607719593
345.0	0.031431863510262004
346.0	0.030227568728064706
347.0	0.029012559538508707
348.0	0.02778788077178968
349.0	0.026554573576047614
350.0	0.025313674721477213
351.0	0.024066215913292454
352.0	0.022813223113940746
353.0	0.021555715874943288
354.0	0.020294706678742593
355.0	0.019031200290915203
356.0	0.017766193123111156
357.0	0.016500672607062797
358.0	0.01523561658000204
359.0	0.013971992681813084
360.0	0.012710757764236351
361.0	0.011452857312435168
362.0	0.010199224879216724
363.0	0.008950781532200563
364.0	0.0077084353142066395
365.0	0.006473080717130701
366.0	0.0052455981695636415
367.0	0.004026853538396755
368.0	0.0028176976446490504
369.0	0.0016189657937387553
370.0	0.0004314773204093826
371.0	-0.0007439648514872346
372.0	-0.0019065746341616514
373.0	-0.0030555831858362255
374.0	-0.00419023930530114
375.0	-0.005309809810927775
376.0	-0.006413579903990475
377.0	-0.0075008535161677145
378.0	-0.008570953641099856
379.0	-0.00962322264989485
380.0	-0.01065702259048424
381.0	-0.011671735470742184
382.0	-0.012666763525294156
383.0	-0.01364152946594984
384.0	-0.014595476715710926
385.0	-0.01552806962631131
386.0	-0.01643879367926169
387.0	-0.017327155670381268
388.0	-0.01819268387780927
389.0	-0.019034928213501882
390.0	-0.01985346035823115
391.0	-0.020647873880112192
392.0	-0.0214177843366979
393.0	-0.022162829360690334
394.0	-0.022882668729327614
395.0	-0.02357698441752018
396.0	-0.024245480634814198
397.0	-0.024887883846277613
398.0	-0.02550394277740918
399.0	-0.026093428403183787
400.0	-0.026656133921357777
401.0	-0.027191874710165886
402.0	-0.02770048827055378
403.0	-0.028181834153097864
404.0	-0.0286357938697749
405.0	-0.02906227079075237
406.0	-0.02946119002638107
407.0	-0.029832498294578194
408.0	-0.030176163773801227
409.0	-0.030492175941818023
410.0	-0.03078054540049023
411.0	-0.03104130368679289
412.0	-0.03127450307030298
413.0	-0.03148021633739647
414.0	-0.03165853656240131
415.0	-0.03180957686596189
416.0	-0.03193347016087638
417.0	-0.03203036888567727
418.0	-0.03210044472622998
419.0	-0.03214388832563311
420.0	-0.03216090898270872
421.0	-0.032151734339377666
422.0	-0.03211661005722108
423.0	-0.03205579948353414
424.0	-0.03196958330718436
425.0	-0.031858259204590754
426.0	-0.031722141476146326
427.0	-0.031561560673409796
428.0	-0.03137686321739751
429.0	-0.031168411008310706
430.0	-0.03093658102703622
431.0	-0.030681764928763774
432.0	-0.030404368629064836
433.0	-0.030104811882782224
434.0	-0.029783527856081952
435.0	-0.02944096269202109
436.0	-0.029077575069988863
437.0	-0.02869383575937834
438.0	-0.028290227167849888
439.0	-0.02786724288454782
440.0	-0.027425387218632677
441.0	-0.026965174733494215
442.0	-0.02648712977700855
443.0	-0.025991786008205578
444.0	-0.025479685920711558
445.0	-0.02495138036333219
446.0	-0.0244074280581414
447.0	-0.023848395116440047
448.0	-0.023274854552948195
449.0	-0.02268738579859406
450.0	-0.02208657421225964
451.0	-0.021473010591844394
452.0	-0.02084729068500312
453.0	-0.020210014699915506
454.0	-0.019561786816439698
455.0	-0.01890321469800128
456.0	-0.018234909004566525
457.0	-0.017557482907044134
458.0	-0.016871551603458573
459.0	-0.016177731837233277
460.0	-0.015476641417918118
461.0	-0.014768898744693724
462.0	-0.014055122332977815
463.0	-0.013335930344458147
464.0	-0.012611940120869145
465.0	-0.011883767721825813
466.0	-0.011152027467024612
467.0	-0.01041733148311354
468.0	-0.009680289255530675
469.0	-0.00894150718560397
470.0	-0.008201588153198939
471.0	-0.0074611310851964395
472.0	-0.006720730530075453
473.0	-0.005980976238870589
474.0	-0.005242452752767288
475.0	-0.004505738997591026
476.0	-0.0037714078854412837
477.0	-0.003040025923712563
478.0	-0.0023121528317400462
479.0	-0.0015883411652986325
480.0	-0.0008691359491775803
481.0	-0.00015507431804680574
482.0	0.0005533148341786559
483.0	0.0012555111962745183
484.0	0.0019510033727516765
485.0	0.00263928920782322
486.0	0.0033198761001171986
487.0	0.003992281307965511
488.0	0.004656032245106984
489.0	0.005310666766651203
490.0	0.005955733445157384
491.0	0.0065907918366905766
492.0	0.007215412736725952
493.0	0.007829178425779902
494.0	0.008431682904654897
495.0	0.009022532119193372
496.0	0.009601344174444191
497.0	0.010167749538153964
498.0	0.01072139123350262
499.0	0.011261925021012727
500.0	0.011789019569568862
501.0	0.01230235661649237
502.0	0.012801631116625686
503.0	0.013286551380387018
504.0	0.013756839200767243
505.0	0.014212229969245838
506.0	0.014652472780613733
507.0	0.015077330526698006
508.0	0.015486579978990854
509.0	0.01588001186019517
510.0	0.0162574309047051
511.0	0.01661865590804951
512.0	0.016963519765333734
513.0	0.01729186949872221
514.0	0.017603566274013677
515.0	0.017898485406367282
516.0	0.01817651635524554
517.0	0.018437562708649106
518.0	0.018681542156723244
519.0	0.01890838645482593
520.0	0.019118041376152608
521.0	0.01931046665402097
522.0	0.019485635913925804
523.0	0.019643536595480526
524.0	0.01978416986436959
525.0	0.01990755051444141
526.0	0.02001370686007925
527.0	0.02010268061899286
528.0	0.020174526785580443
529.0	0.020229313495016367
530.0	0.020267121878226196
531.0	0.020288045907916046
532.0	0.02029219223582933
533.0	0.020279680021409074
534.0	0.0202506407520495
535.0	0.02020521805512561
536.0	0.02014356750199458
537.0	0.020065856404167488
538.0	0.01997226360185458
539.0	0.019862979245091762
540.0	0.019738204567660178
541.0	0.01959815165401517
542.0	0.019443043199444107
543.0	0.019273112263677446
544.0	0.019088602018179506
545.0	0.018889765487350524
546.0	0.01867686528387263
547.0	0.018450173338437795
548.0	0.01820997062409621
549.0	0.017956546875468108
550.0	0.017690200303062932
551.0	0.01741123730295338
552.0	0.017119972162052507
553.0	0.016816726759244834
554.0	0.016501830262623834
555.0	0.016175618823089363
556.0	0.015838435264559764
557.0	0.015490628771055214
558.0	0.015132554570908828
559.0	0.014764573618362444
560.0	0.014387052272806643
561.0	0.014000361975921086
562.0	0.013604878926975263
563.0	0.013200983756546915
564.0	0.012789061198915935
565.0	0.012369499763391873
566.0	0.011942691404830346
567.0	0.011509031193595858
568.0	0.011068916985223741
569.0	0.010622749090036944
570.0	0.0101709299429675
571.0	0.009713863773834605
572.0	0.009251956278327344
573.0	0.008785614289938754
574.0	0.008315245453096054
575.0	0.007841257897728594
576.0	0.007364059915514226
577.0	0.006884059638040278
578.0	0.006401664717114418
579.0	0.005917282007455364
580.0	0.0054313172519932125
581.0	0.004944174770003168
582.0	0.004456257148295131
583.0	0.003967964935675474
584.0	0.0034796963408980086
585.0	0.0029918469343110793
586.0	0.002504809353410277
587.0	0.002018973012496792
588.0	0.0015347238166408157
589.0	0.001052443880142924
590.0	0.0005725112496822241
591.0	9.5299632336978e-05
592.0	-0.00037882187134402265
593.0	-0.000849489029043065
594.0	-0.0013163427329795849
595.0	-0.0017790292506543563
596.0	-0.0022372004698731247
597.0	-0.0026905141378945254
598.0	-0.003138634094553691
599.0	-0.003581230499216874
600.0	-0.004017980051430177
601.0	-0.004448566205128254
602.0	-0.00487267937627666
603.0	-0.005290017143827045
604.0	-0.005700284443867703
605.0	-0.006103193756862305
606.0	-0.006498465287870656
607.0	-0.006885827139654788
608.0	-0.007265015478577936
609.0	-0.007635774693210326
610.0	-0.007997857545562355
611.0	-0.008351025314870322
612.0	-0.008695047933867845
613.0	-0.009029704117480386
614.0	-0.009354781483888366
615.0	-0.009670076667908187
616.0	-0.009975395426648818
617.0	-0.010270552737406225
618.0	-0.010555372887764947
619.0	-0.010829689557881503
620.0	-0.011093345894931425
621.0	-0.011346194579706526
622.0	-0.011588097885356124
623.0	-0.011818927728272068
624.0	-0.01203856571112169
625.0	-0.012246903158041897
626.0	-0.012443841142009996
627.0	-0.012629290504416002
628.0	-0.012803171866864221
629.0	-0.012965415635239988
630.0	-0.013115961996081822
631.0	-0.013254760905305075
632.0	-0.013381772069329587
633.0	-0.01349696491866809
634.0	-0.013600318574039075
635.0	-0.013691821805071877
636.0	-0.013771472981677904
637.0	-0.013839280018166943
638.0	-0.013895260310192503
639.0	-0.013939440664615298
640.0	-0.013971857222379033
641.0	-0.013992555374497357
642.0	-0.014001589671255732
643.0	-0.013999023724736565
644.0	-0.013984930104780535
645.0	-0.01395939022850154
646.0	-0.013922494243476913
647.0	-0.013874340904738876
648.0	-0.013815037445697238
649.0	-0.013744699443127461
650.0	-0.013663450676361807
651.0	-0.013571422980825303
652.0	-0.013468756096061789
653.0	-0.013355597508398577
654.0	-0.013232102288402037
655.0	-0.013098432923278967
656.0	-0.012954759144382719
657.0	-0.012801257749984675
658.0	-0.012638112423475862
659.0	-0.012465513547164617
660.0	-0.012283658011840674
661.0	-0.01209274902227627
662.0	-0.0118929958988391
663.0	-0.011684613875392325
664.0	-0.0114678238936601
665.0	-0.011242852394238383
666.0	-0.011009931104431991
667.0	-0.010769296823101508
668.0	-0.01052119120270342
669.0	-0.010265860528710171
670.0	-0.010003555496595323
671.0	-0.009734530986572619
672.0	-0.009459045836275892
673.0	-0.009177362611570199
674.0	-0.008889747375681857
675.0	-0.008596469456838236
676.0	-0.008297801214607072
677.0	-0.00799401780512401
678.0	-0.007685396945399645
679.0	-0.007372218676894646
680.0	-0.007054765128552472
681.0	-0.006733320279477232
682.0	-0.006408169721446028
683.0	-0.006079600421441773
684.0	-0.005747900484392946
685.0	-0.005413358916304151
686.0	-0.005076265387963096
687.0	-0.004736909999404701
688.0	-0.004395583045313074
689.0	-0.00405257478154193
690.0	-0.003708175192928825
691.0	-0.00336267376258044
692.0	-0.0030163592428004912
693.0	-0.002669519427833642
694.0	-0.0023224409285921323
695.0	-0.0019754089495333735
696.0	-0.0016287070678515977
697.0	-0.0012826170151453535
698.0	-0.0009374184617197863
699.0	-0.0005933888036781122
700.0	-0.00025080295295763083
701.0	9.006686954278822e-05
702.0	0.00042895133759431395
703.0	0.0007655842198883728
704.0	0.0010997025767626612
705.0	0.0014310469532688302
706.0	0.001759361568446343
707.0	0.0020843945006759953
708.0	0.0024058978689848447
709.0	0.0027236280101816633
710.0	0.0030373456517054764
711.0	0.003346816080071686
712.0	0.003651809304807239
713.0	0.0039521002177670544
714.0	0.004247468747731563
715.0	0.004537700010186385
716.0	0.0048225844521909995
717.0	0.005101917992247806
718.0	0.0053755021550858685
719.0	0.005643144201279515
720.0	0.005904657251625391
721.0	0.006159860406207208
722.0	0.006408578858080277
723.0	0.006650644001513673
724.0	0.006885893534732222
725.0	0.007114171557105461
726.0	0.007335328660733645
727.0	0.0075492220163878325
728.0	0.007755715453764099
729.0	0.007954679536017455
730.0	0.008145991628544534
731.0	0.008329535961990514
732.0	0.008505203689458925
733.0	0.00867289293790795
734.0	0.008832508853722259
735.0	0.00898396364245283
736.0	0.009127176602722832
737.0	0.009262074154301542
738.0	0.009388589860353343
739.0	0.009506664443873145
740.0	0.009616245798323743
741.0	0.009717288992495996
742.0	0.009809756269616027
743.0	0.009893617040729248
744.0	0.009968847872394118
745.0	0.010035432468723897
746.0	0.0100933616478182
747.0	0.010142633312630989
748.0	0.010183252416325088
749.0	0.010215230922167959
750.0	0.010238587758027346
751.0	0.010253348765529217
752.0	0.010259546643944493
753.0	0.010257220888874798
754.0	0.01024641772581135
755.0	0.010227190038644585
756.0	0.010199597293205867
757.0	0.010163705455926184
758.0	0.010119586907699962
759.0	0.010067320353045816
760.0	0.010006990724658967
761.0	0.009938689083453555
762.0	0.009862512514195865
763.0	0.00977856401683285
764.0	0.009686952393622899
765.0	0.009587792132178542
766.0	0.00948120328453416
767.0	0.009367311342353368
768.0	0.009246247108394242
769.0	0.009118146564351847
770.0	0.008983150735201291
771.0	0.008841405550165195
772.0	0.008693061700432455
773.0	0.008538274493757126
774.0	0.008377203706067551
775.0	0.008210013430218384
776.0	0.008036871922019004
777.0	0.007857951443674174
778.0	0.007673428104773131
779.0	0.0074834817009662375
780.0	0.007288295550467254
781.0	0.0070880563285229525
782.0	0.006882953899990212
783.0	0.006673181150163707
784.0	0.006458933813996783
785.0	0.006240410303858614
786.0	0.006017811535972887
787.0	0.00579134075568077
788.0	0.005561203361674257
789.0	0.005327606729344155
790.0	0.0050907600333876465
791.0	0.004850874069819832
792.0	0.004608161077534615
793.0	0.00436283455955897
794.0	0.004115109104143927
795.0	0.0038652002058362778
796.0	0.0036133240866736607
797.0	0.003359697517644868
798.0	0.003104537640556019
799.0	0.0028480617904441223
800.0	0.002590487318675406
801.0	0.0023320314168678614
802.0	0.002072910941773285
803.0	0.0018133422412556846
804.0	0.0015535409814981822
805.0	0.001293721975571609
806.0	0.0010340990134954115
807.0	0.0007748846939189726
808.0	0.0005162902575511566
809.0	0.00025852542246168446
810.0	1.7982213790599527e-06
811.0	-0.00025368515889592595
812.0	-0.0005077205358409512
813.0	-0.0007601058872127465
814.0	-0.0010106415045817302
815.0	-0.0012591301442907155
816.0	-0.0015053771757278477
817.0	-0.0017491907268084392
818.0	-0.0019903818265613483
819.0	-0.0022287645447192066
820.0	-0.00246415612821522
821.0	-0.002696377134490344
822.0	-0.002925251561519921
823.0	-0.0031506069744692486
824.0	-0.0033722746288934787
825.0	-0.0035900895903979053
826.0	-0.0038038908506790575
827.0	-0.004013521439870707
828.0	-0.00421882853512065
829.0	-0.0044196635653289025
830.0	-0.0046158823119803825
831.0	-0.0048073450060096
832.0	-0.004993916420636622
833.0	-0.005175465960118551
834.0	-0.005351867744363933
835.0	-0.005523000689360574
836.0	-0.005688748583370822
837.0	-0.005849000158852532
838.0	-0.00600364916006714
839.0	-0.006152594406339699
840.0	-0.006295739850939397
841.0	-0.006432994635553174
842.0	-0.006564273140328293
843.0	-0.006689495029462864
844.0	-0.006808585292328239
845.0	-0.006921474280109665
846.0	-0.007028097737955432
847.0	-0.007128396832628958
848.0	-0.007222318175661265
849.0	-0.0073098138420050855
850.0	-0.007390841384195317
851.0	-0.007465363842024411
852.0	-0.007533349747744545
853.0	-0.007594773126811859
854.0	-0.007649613494191861
855.0	-0.007697855846248295
856.0	-0.007739490648241249
857.0	-0.007774513817463791
858.0	-0.007802926702049552
859.0	-0.007824736055487197
860.0	-0.007839954006880914
861.0	-0.007848598026999241
862.0	-0.007850690890157807
863.0	-0.007846260631984613
864.0	-0.007835340503119646
865.0	-0.00781796891890358
866.0	-0.007794189405113288
867.0	-0.0077640505398048724
868.0	-0.007727605891327628
869.0	-0.007684913952575358
870.0	-0.007636038071543961
871.0	-0.00758104637826698
872.0	-0.007520011708203399
873.0	-0.007453011522154569
874.0	-0.007380127822789346
875.0	-0.007301447067859061
876.0	-0.007217060080186476
877.0	-0.007127061954514619
878.0	-0.007031551961303905
879.0	-0.006930633447567806
880.0	-0.0068244137348396575
881.0	-0.006713004014364721
882.0	-0.00659651923961335
883.0	-0.006475078016213666
884.0	-0.006348802489402655
885.0	-0.006217818229097118
886.0	-0.006082254112686807
887.0	-0.005942242205653913
888.0	-0.005797917640123839
889.0	-0.005649418491453919
890.0	-0.005496885652967847
891.0	-0.005340462708944151
892.0	-0.005180295805968301
893.0	-0.005016533522759174
894.0	-0.004849326738580913
895.0	-0.0046788285003520145
896.0	-0.004505193888564206
897.0	-0.0043285798821240395
898.0	-0.00414914522223047
899.0	-0.00396705027540247
900.0	-0.0037824568957699443
901.0	-0.0035955282867423857
902.0	-0.0034064288621691984
903.0	-0.0032153241071059043
904.0	-0.00302238043829944
905.0	-0.002827765064506684
906.0	-0.0026316458467594717
907.0	-0.002434191158688769
908.0	-0.0022355697470199404
909.0	-0.002035950592352044
910.0	-0.0018355027703308054
911.0	-0.0016343953133265577
912.0	-0.0014327970727261094
913.0	-0.0012308765819474994
914.0	-0.001028801920284565
915.0	-0.000826740577687949
916.0	-0.0006248593205881933
917.0	-0.000423324058864253
918.0	-0.0002222997140603391
919.0	-2.195008895207115e-05
920.0	0.00017756226143764327
921.0	0.0003760761572757978
922.0	0.0005734319197125207
923.0	0.0007694714949354302
924.0	0.000964038576392422
925.0	0.0011569787250913927
926.0	0.0013481394878877302
927.0	0.0015373705136724671
928.0	0.0017245236673753168
929.0	0.0019094531416998795
930.0	0.0020920155665097064
931.0	0.0022720701157865255
932.0	0.0024494786120840342
933.0	0.002624105628402951
934.0	0.0027958185874154932
935.0	0.0029644878579698566
936.0	0.003129986848807503
937.0	0.0032921920994291136
938.0	0.003450983368046768
939.0	0.003606243716563439
940.0	0.0037578595925225975
941.0	0.0039057209079743993
942.0	0.004049721115206543
943.0	0.0041897572792911845
944.0	0.004325730147402398
945.0	0.004457544214860686
946.0	0.004585107787864079
947.0	0.004708333042868586
948.0	0.004827136082583297
949.0	0.004941436988548114
950.0	0.005051159870265275
951.0	0.0051562329108585415
952.0	0.005256588409237107
953.0	0.005352162818743609
954.0	0.0054428967822690915
955.0	0.005528735163820587
956.0	0.00560962707652937
957.0	0.005685525907091692
958.0	0.005756389336636065
959.0	0.005822179358014295
960.0	0.005882862289516281
961.0	0.005938408785011582
962.0	0.005988793840523666
963.0	0.006033996797245226
964.0	0.006074001341006348
965.0	0.006108795498209627
966.0	0.00613837162824947
967.0	0.006162726412435343
968.0	0.006181860839441621
969.0	0.006195780187309375
970.0	0.006204494002027995
971.0	0.006208016072727436
972.0	0.006206364403514209
973.0	0.00619956118198705
974.0	0.006187632744470583
975.0	0.006170609538007882
976.0	0.006148526079155262
977.0	0.00612142090962504
978.0	0.006089336548824359
979.0	0.0060523194433405115
980.0	0.00601041991342555
981.0	0.00596369209653493
982.0	0.005912193887977426
983.0	0.00585598687873554
984.0	0.005795136290517452
985.0	0.005729710908104085
986.0	0.005659783009056176
987.0	0.005585428290848777
988.0	0.005506725795501777
989.0	0.00542375783177728
990.0	0.005336609895016246
991.0	0.0052453705846884306
992.0	0.005150131519730842
993.0	0.005050987251752359
994.0	0.004948035176182607
995.0	0.004841375441444999
996.0	0.004731110856235321
997.0	0.0046173467949881105
998.0	0.004500191101614336
999.0	0.004379753991595122
1000.0	0.004256147952517113
1001.0	0.004129487643136163
1002.0	0.003999889791056522
1003.0	0.0038674730891141923
1004.0	0.003732358090552972
1005.0	0.00359466710308335
1006.0	0.003454524081913591
1007.0	0.0033120545218447307
1008.0	0.0031673853485197617
1009.0	0.003020644808918796
1010.0	0.002871962361191983
1011.0	0.0027214685639217993
1012.0	0.002569294964907083
1013.0	0.00241557398956083
1014.0	0.0022604388290135766
1015.0	0.0021040233280145114
1016.0	0.0019464618727221914
1017.0	0.0017878892784762117
1018.0	0.0016284406776412158
1019.0	0.0014682514076137
1020.0	0.0013074568990827495
1021.0	0.0011461925646335663
1022.0	0.0009845936877836015
1023.0	0.000822795312540054
1024.0	0.0006609321335656979
1025.0	0.0004991383870408157
1026.0	0.00033754774230696817
1027.0	0.0001762931943780459
1028.0	1.550695740224796e-05
1029.0	-0.0001446796408414424
1030.0	-0.0003041362633304408
1031.0	-0.000462733666988787
1032.0	-0.0006203438046010531
1033.0	-0.0007768399253714701
1034.0	-0.0009320966740515059
1035.0	-0.0010859901885608685
1036.0	-0.0012383981960278779
1037.0	-0.0013892001071767902
1038.0	-0.0015382771089914819
1039.0	-0.0016855122555866874
1040.0	-0.0018307905572187179
1041.0	-0.001973999067370955
1042.0	-0.0021150269678495556
1043.0	-0.002253765651827896
1044.0	-0.0023901088047792313
1045.0	-0.002523952483239742
1046.0	-0.0026551951913456944
1047.0	-0.0027837379550903086
1048.0	-0.0029094843942484615
1049.0	-0.003032340791918835
1050.0	-0.003152216161635916
1051.0	-0.003269022312005547
1052.0	-0.0033826739088208607
1053.0	-0.003493088534616504
1054.0	-0.003600186745622707
1055.0	-0.0037038921260814
1056.0	-0.003804131339890178
1057.0	-0.003900834179541396
1058.0	-0.003993933612326332
1059.0	-0.004083365823776844
1060.0	-0.0041690702583183905
1061.0	-0.004250989657112154
1062.0	-0.004329070093064723
1063.0	-0.0044032610029875255
1064.0	-0.004473515216889499
1065.0	-0.004539788984389802
1066.0	-0.004602041998238981
1067.0	-0.004660237414939851
1068.0	-0.004714341872461596
1069.0	-0.004764325505043058
1070.0	-0.004810161955083221
1071.0	-0.004851828382119795
1072.0	-0.004889305468898835
1073.0	-0.004922577424540613
1074.0	-0.0049516319848095245
1075.0	-0.0049764604094980226
1076.0	-0.004997057476936898
1077.0	-0.005013421475646456
1078.0	-0.005025554193145487
1079.0	-0.0050334609019371535
1080.0	-0.005037150342693133
1081.0	-0.005036634704659526
1082.0	-0.005031929603310278
1083.0	-0.005023054055275963
1084.0	-0.005010030450577896
1085.0	-0.004992884522199613
1086.0	-0.0049716453130298904
1087.0	-0.004946345140213352
1088.0	-0.00491701955694681
1089.0	-0.0048837073117614285
1090.0	-0.004846450305332495
1091.0	-0.004805293544860885
1092.0	-0.004760285096071569
1093.0	-0.004711476032876848
1094.0	-0.004658920384753164
1095.0	-0.004602675081882663
1096.0	-0.004542799898111651
1097.0	-0.004479357391780408
1098.0	-0.004412412844479469
1099.0	-0.00434203419778997
1100.0	-0.004268291988066413
1101.0	-0.004191259279321647
1102.0	-0.004111011594275724
1103.0	-0.004027626843630681
1104.0	-0.003941185253635684
1105.0	-0.0038517692920068177
1106.0	-0.0037594635922682997
1107.0	-0.00366435487658148
1108.0	-0.003566531877130726
1109.0	-0.0034660852561343115
1110.0	-0.003363107524550913
1111.0	-0.0032576929595524553
1112.0	-0.0031499375208345615
1113.0	-0.0030399387658370776
1114.0	-0.0029277957639476312
1115.0	-0.0028136090097618223
1116.0	-0.0026974803354733066
1117.0	-0.0025795128224694267
1118.0	-0.0024598107122063796
1119.0	-0.0023384793164393392
1120.0	-0.0022156249268831182
1121.0	-0.002091354724378852
1122.0	-0.001965776687642997
1123.0	-0.0018389995016737035
1124.0	-0.0017111324658916228
1125.0	-0.0015822854020898468
1126.0	-0.0014525685622699559
1127.0	-0.0013220925364387914
1128.0	-0.0011909681604422451
1129.0	-0.0010593064239105207
1130.0	-0.0009272183783901617
1131.0	-0.0007948150457368457
1132.0	-0.000662207326843323
1133.0	-0.0005295059107757721
1134.0	-0.00039682118439088483
1135.0	-0.00026426314250690454
1136.0	-0.00013194129869943498
1137.0	3.540320707602629e-08
1138.0	0.00013155867688221558
1139.0	0.0002625209803972309
1140.0	0.00039281560223008473
1141.0	0.0005223367462997442
1142.0	0.0006509796159640778
1143.0	0.0007786404969160783
1144.0	0.0009052168389137877
1145.0	0.0010306073362820103
1146.0	0.0011547120071229884
1147.0	0.0012774322711764218
1148.0	0.0013986710262694265
1149.0	0.0015183327232981738
1150.0	0.0016363234396855313
1151.0	0.0017525509512592392
1152.0	0.0018669248024968353
1153.0	0.001979356375086112
1154.0	0.002089758954749759
1155.0	0.0021980477962855174
1156.0	0.0023041401867751497
1157.0	0.0024079555069154235
1158.0	0.0025094152904283065
1159.0	0.002608443281507068
1160.0	0.0027049654902586116
1161.0	0.002798910246102719
1162.0	0.0028902082490914072
1163.0	0.002978792619113037
1164.0	0.003064598942948487
1165.0	0.003147565319146947
1166.0	0.003227632400692462
1167.0	0.0033047434354333276
1168.0	0.003378844304248528
1169.0	0.0034498835569272473
1170.0	0.0035178124457397562
1171.0	0.0035825849566796493
1172.0	0.0036441578383592035
1173.0	0.0037024906285422435
1174.0	0.003757545678300004
1175.0	0.0038092881737783603
1176.0	0.003857686155565929
1177.0	0.0039027105356552647
1178.0	0.003944335111990925
1179.0	0.003982536580600174
1180.0	0.004017294545304455
1181.0	0.004048591525011148
1182.0	0.004076412958587752
1183.0	0.004100747207322063
1184.0	0.0041215855549741574
1185.0	0.004138922205427838
1186.0	0.004152754277951301
1187.0	0.00416308180007833
1188.0	0.004169907698123685
1189.0	0.004173237785347888
1190.0	0.004173080747788665
1191.0	0.004169448127778075
1192.0	0.004162354305166231
1193.0	0.004151816476274252
1194.0	0.004137854630600992
1195.0	0.0041204915253096755
1196.0	0.004099752657522488
1197.0	0.004075666234452701
1198.0	0.0040482631414056605
1199.0	0.004017576907681726
1200.0	0.003983643670415548
1201.0	0.003946502136387944
1202.0	0.003906193541848085
1203.0	0.003862761610385226
1204.0	0.003816252508890387
1205.0	0.0037667148016504704
1206.0	0.0037141994026181004
1207.0	0.003658759525901988
1208.0	0.003600450634524045
1209.0	0.003539330387490835
1210.0	0.0034754585852277238
1211.0	0.0034088971134257472
1212.0	0.003339709885352352
1213.0	0.003267962782677599
1214.0	0.0031937235948696317
1215.0	0.0031170619572128905
1216.0	0.00303804928750472
1217.0	0.0029567587214859962
1218.0	0.0028732650470627667
1219.0	0.0027876446373767596
1220.0	0.002699975382782849
1221.0	0.002610336621792871
1222.0	0.002518809071045686
1223.0	0.0024254747543636076
1224.0	0.002330416930956384
1225.0	0.0022337200228345015
1226.0	0.0021354695414928923
1227.0	0.002035752013928622
1228.0	0.001934654908054119
1229.0	0.0018322665575698045
1230.0	0.0017286760863589419
1231.0	0.0016239733324681276
1232.0	0.0015182487717375244
1233.0	0.0014115934411437648
1234.0	0.0013040988619201083
1235.0	0.001195856962516735
1236.0	0.0010869600014656207
1237.0	0.0009775004902129424
1238.0	0.0008675711159826099
1239.0	0.0007572646647342664
1240.0	0.000646673944278359
1241.0	0.0005358917076108451
1242.0	0.00042501057653014825
1243.0	0.00031412296559761403
1244.0	0.00020332100650305267
1245.0	9.269647289617336e-05
1246.0	-1.765929425580695e-05
1247.0	-0.00012765546072502146
1248.0	-0.00023720177243514648
1249.0	-0.0003462086281704902
1250.0	-0.0004545871515248129
1251.0	-0.0005622492620330054
1252.0	-0.0006691077454297322
1253.0	-0.000775076322980111
1254.0	-0.0008800697198281509
1255.0	-0.0009840037323104152
1256.0	-0.0010867952941820266
1257.0	-0.001188362541704611
1258.0	-0.0012886248775460267
1259.0	-0.0013875030334427
1260.0	-0.0014849191315775287
1261.0	-0.001580796744626231
1262.0	-0.0016750609544273973
1263.0	-0.0017676384092318361
1264.0	-0.0018584573794886419
1265.0	-0.001947447812126829
1266.0	-0.0020345413832922443
1267.0	-0.002119671549501017
1268.0	-0.002202773597172759
1269.0	-0.0022837846905071615
1270.0	-0.002362643917670222
1271.0	-0.0024392923352566645
1272.0	-0.002513673010997709
1273.0	-0.002585731064684107
1274.0	-0.002655413707276369
1275.0	-0.0027226702781750663
1276.0	-0.0027874522806267295
1277.0	-0.0028497134152413346
1278.0	-0.0029094096115997365
1279.0	-0.0029664990579305467
1280.0	-0.0030209422288381763
1281.0	-0.00307270191106468
1282.0	-0.003121743227270512
1283.0	-0.003168033657819988
1284.0	-0.0032115430605600803
1285.0	-0.00325224368858182
1286.0	-0.0032901102059559135
1287.0	-0.003325119701435443
1288.0	-0.003357251700120693
1289.0	-0.003386488173082217
1290.0	-0.003412813544940543
1291.0	-0.003436214699402104
1292.0	-0.0034566809827530267
1293.0	-0.003474204205313825
1294.0	-0.00348877864085982
1295.0	-0.003500401024013799
1296.0	-0.0035090705456188873
1297.0	-0.0035147888461015174
1298.0	-0.0035175600068357202
1299.0	-0.003517390539521744
1300.0	-0.0035142893735935384
1301.0	-0.0035082678416711883
1302.0	-0.0034993396630760188
1303.0	-0.0034875209254275055
1304.0	-0.003472830064342795
1305.0	-0.00345528784126094
1306.0	-0.0034349173194156805
1307.0	-0.00341174383798177
1308.0	-0.003385794984421443
1309.0	-0.0033571005650591033
1310.0	-0.003325692573913365
1311.0	-0.003291605159817256
1312.0	-0.003254874591858573
1313.0	-0.0032155392231735373
1314.0	-0.003173639453128414
1315.0	-0.0031292176879249493
1316.0	-0.003082318299666001
1317.0	-0.003032987583920366
1318.0	-0.0029812737158252103
1319.0	-0.0029272267047667413
1320.0	-0.002870898347680651
1321.0	-0.0028123421810142034
1322.0	-0.002751613431393905
1323.0	-0.0026887689650425487
1324.0	-0.002623867235991063
1325.0	-0.0025569682331311114
1326.0	-0.002488133426155439
1327.0	-0.0024174257104333267
1328.0	-0.0023449093508698775
1329.0	-0.0022706499247979513
1330.0	-0.0021947142639525147
1331.0	-0.0021171703955778897
1332.0	-0.002038087482718517
1333.0	-0.0019575357637451416
1334.0	-0.0018755864911677292
1335.0	-0.001792311869787789
1336.0	-0.0017077849942432367
1337.0	-0.00162207978599799
1338.0	-0.001535270929830363
1339.0	-0.0014474338098738855
1340.0	-0.001358644445264152
1341.0	-0.001268979425445873
1342.0	-0.0011785158451943153
1343.0	-0.0010873312394054776
1344.0	-0.0009955035177091473
1345.0	-0.0009031108989591263
1346.0	-0.0008102318456549504
1347.0	-0.000716944998349311
1348.0	-0.0006233291100948696
1349.0	-0.0005294629809845996
1350.0	-0.00043542539283932154
1351.0	-0.00034129504409517383
1352.0	-0.0002471504849445947
1353.0	-0.0001530700527835327
1354.0	-5.913180801632445e-05
1355.0	3.458652972874749e-05
1356.0	0.0001280076449229426
1357.0	0.00022105468894834807
1358.0	0.000313651342346467
1359.0	0.0004057218764548934
1360.0	0.0004971912143830583
1361.0	0.0005879849912781504
1362.0	0.0006780296138344131
1363.0	0.0007672523189982856
1364.0	0.0008555812318236005
1365.0	0.0009429454224317915
1366.0	0.0010292749620322153
1367.0	0.001114500977959467
1368.0	0.0011985557076853838
1369.0	0.001281372551763131
1370.0	0.0013628861256640206
1371.0	0.001443032310466611
1372.0	0.0015217483023597378
1373.0	0.0015989726609221848
1374.0	0.0016746453561426716
1375.0	0.00174870781414438
1376.0	0.0018211029615807697
1377.0	0.0018917752686692952
1378.0	0.0019606707908313755
1379.0	0.002027737208908458
1380.0	0.002092923867924607
1381.0	0.0021561818143680535
1382.0	0.002217463831965024
1383.0	0.0022767244759201995
1384.0	0.0023339201056003117
1385.0	0.002389008915638007
1386.0	0.00244195096543461
1387.0	0.002492708207042114
1388.0	0.0025412445114056776
1389.0	0.0025875256929495686
1390.0	0.002631519532491006
1391.0	0.0026731957984672786
1392.0	0.0027125262664635654
1393.0	0.0027494847370299184
1394.0	0.002784047051777246
1395.0	0.00281619110774403
1396.0	0.002845896870026466
1397.0	0.0028731463826662538
1398.0	0.002897923777792135
1399.0	0.0029202152830120538
1400.0	0.0029400092270548293
1401.0	0.0029572960436613847
1402.0	0.0029720682737269743
1403.0	0.002984320565697556
1404.0	0.002994049674224618
1405.0	0.0030012544570842577
1406.0	0.003005935870367809
1407.0	0.003008096961952631
1408.0	0.0030077428632630508
1409.0	0.0030048807793329217
1410.0	0.002999519977182515
1411.0	0.0029916717725238934
1412.0	0.002981349514810193
1413.0	0.0029685685706456457
1414.0	0.0029533463055743453
1415.0	0.0029357020642671668
1416.0	0.0029156571491275
1417.0	0.0028932347973375655
1418.0	0.002868460156368489
1419.0	0.0028413602579784574
1420.0	0.002811963990724371
1421.0	0.0027803020710135606
1422.0	0.0027464070127235425
1423.0	0.002710313095418451
1424.0	0.002672056331192231
1425.0	0.002631674430169507
1426.0	0.002589206764696112
1427.0	0.0025446943322525177
1428.0	0.0024981797171236726
1429.0	0.0024497070508607078
1430.0	0.0023993219715698465
1431.0	0.002347071582065455
1432.0	0.0022930044069246003
1433.0	0.0022371703484816543
1434.0	0.0021796206418015513
1435.0	0.002120407808672271
1436.0	0.0020595856106562765
1437.0	0.001997209001242558
1438.0	0.001933334077141191
1439.0	0.0018680180287623475
1440.0	0.001801319089923239
1441.0	0.0017332964868262742
1442.0	0.0016640103863523317
1443.0	0.0015935218437137678
1444.0	0.001521892749511945
1445.0	0.0014491857762443643
1446.0	0.0013754643243071678
1447.0	0.0013007924675387875
1448.0	0.0012252348983505471
1449.0	0.0011488568724912756
1450.0	0.0010717241534915932
1451.0	0.0009939029568350084
1452.0	0.0009154598939026095
1453.0	0.0008364619157378954
1454.0	0.0007569762566786856
1455.0	0.0006770703779033181
1456.0	0.0005968119109369986
1457.0	0.0005162686011662664
1458.0	0.0004355082514069632
1459.0	0.00035459866557274906
1460.0	0.000273607592490354
1461.0	0.0001926026699072313
1462.0	0.00011165136873739646
1463.0	3.082093759115487e-05
1464.0	-4.982165236673466e-05
1465.0	-0.0001302097621857885
1466.0	-0.00021027713948066316
1467.0	-0.00028995797232116236
1468.0	-0.000369186942617567
1469.0	-0.00044789927895874226
1470.0	-0.0005260308088610288
1471.0	-0.0006035180103859282
1472.0	-0.0006802980630860487
1473.0	-0.0007563088982387453
1474.0	-0.0008314892483279332
1475.0	-0.0009057786957351833
1476.0	-0.0009791177206021065
1477.0	-0.001051447747826192
1478.0	-0.0011227111931542922
1479.0	-0.0011928515083373444
1480.0	-0.0012618132253118452
1481.0	-0.0013295419993742796
1482.0	-0.001395984651314742
1483.0	-0.0014610892084786333
1484.0	-0.0015248049447245636
1485.0	-0.0015870824192485032
1486.0	-0.0016478735142452035
1487.0	-0.001707131471378643
1488.0	-0.0017648109270343945
1489.0	-0.0018208679463280557
1490.0	-0.001875260055844749
1491.0	-0.0019279462750859291
1492.0	-0.001978887146600995
1493.0	-0.002028044764781807
1494.0	-0.0020753828033001115
1495.0	-0.002120866541168613
1496.0	-0.0021644628874073575
1497.0	-0.0022061404042991017
1498.0	-0.0022458693292176993
1499.0	-0.0022836215950151353
1500.0	-0.0023193708489542657
1501.0	-0.002353092470174953
1502.0	-0.002384763585683252
1503.0	-0.0024143630848538935
1504.0	-0.002441871632437986
1505.0	-0.0024672716800689825
1506.0	-0.0024905474762611486
1507.0	-0.002511685074896042
1508.0	-0.0025306723421938977
1509.0	-0.0025474989621679755
1510.0	-0.002562156440561002
1511.0	-0.00257463810726454
1512.0	-0.0025849391172228847
1513.0	-0.002593056449824648
1514.0	-0.002598988906786299
1515.0	-0.0026027371085331715
1516.0	-0.0026043034890847155
1517.0	-0.00260369228945195
1518.0	-0.0026009095495562735
1519.0	-0.0025959630986800166
1520.0	-0.002588862544460304
1521.0	-0.0025796192604388996
1522.0	-0.0025682463721819647
1523.0	-0.00255475874198475
1524.0	-0.002539172952177343
1525.0	-0.0025215072870487603
1526.0	-0.002501781713407798
1527.0	-0.0024800178597999575
1528.0	-0.002456238994401052
1529.0	-0.0024304700016090646
1530.0	-0.0024027373573566927
1531.0	-0.0023730691031682155
1532.0	-0.0023414948189852667
1533.0	-0.0023080455947868733
1534.0	-0.002272754001030374
1535.0	-0.002235654057940325
1536.0	-0.002196781203673715
1537.0	-0.0021561722613907064
1538.0	-0.002113865405260506
1539.0	-0.002069900125433244
1540.0	-0.0020243171920093853
1541.0	-0.001977158618038802
1542.0	-0.0019284676215823972
1543.0	-0.0018782885868703202
1544.0	-0.0018266670245903381
1545.0	-0.0017736495313421911
1546.0	-0.0017192837482927544
1547.0	-0.0016636183190684604
1548.0	-0.0016067028469216992
1549.0	-0.0015485878512080482
1550.0	-0.001489324723212327
1551.0	-0.0014289656813613527
1552.0	-0.0013675637258620116
1553.0	-0.001305172592803253
1554.0	-0.0012418467077618244
1555.0	-0.0011776411389505335
1556.0	-0.0011126115499496096
1557.0	-0.0010468141520606341
1558.0	-0.0009803056563236013
1559.0	-0.0009131432252377416
1560.0	-0.0008453844242263036
1561.0	-0.0007770871728863685
1562.0	-0.0007083096960643371
1563.0	-0.0006391104747981262
1564.0	-0.0005695481971665414
1565.0	-0.000499681709087243
1566.0	-0.00042956996510348615
1567.0	-0.00035927197920088225
1568.0	-0.00028884677569434095
1569.0	-0.0002183533402256672
1570.0	-0.00014785057091259036
1571.0	-7.739722968821972e-05
1572.0	-7.051893871620925e-06
1573.0	6.312709199141672e-05
1574.0	0.00013308166397833516
1575.0	0.00020275408629161738
1576.0	0.0002720869983737044
1577.0	0.00034102346159769516
1578.0	0.0004095070054954209
1579.0	0.0004774816734866112
1580.0	0.0005448920680719508
1581.0	0.000611683395454094
1582.0	0.0006778015095513998
1583.0	0.0007431929553691303
1584.0	0.0008078050116938343
1585.0	0.0008715857330775104
1586.0	0.000934483991078261
1587.0	0.0009964495147250672
1588.0	0.001057432930175537
1589.0	0.0011173857995351996
1590.0	0.0011762606588085244
1591.0	0.0012340110549525132
1592.0	0.0012905915820039552
1593.0	0.0013459579162531181
1594.0	0.0014000668504367498
1595.0	0.0014528763269246042
1596.0	0.0015043454698742639
1597.0	0.0015544346163305395
1598.0	0.0016031053462455917
1599.0	0.0016503205113981888
1600.0	0.001696044263190197
1601.0	0.0017402420793004294
1602.0	0.0017828807891763368
1603.0	0.0018239285983450264
1604.0	0.0018633551115266873
1605.0	0.0019011313545337998
1606.0	0.0019372297949410355
1607.0	0.0019716243615116196
1608.0	0.0020042904623670476
1609.0	0.002035205001888009
1610.0	0.0020643463963356335
1611.0	0.002091694588183042
1612.0	0.002117231059148481
1613.0	0.002140938841922269
1614.0	0.0021628025305808238
1615.0	0.002182808289682447
1616.0	0.0022009438620402603
1617.0	0.0022171985751689577
1618.0	0.002231563346403291
1619.0	0.0022440306866870346
1620.0	0.0022545947030324187
1621.0	0.0022632510996511766
1622.0	0.002269997177759244
1623.0	0.002274831834058528
1624.0	0.0022777555578999283
1625.0	0.0022787704271331343
1626.0	0.002277880102649651
1627.0	0.0022750898216266
1628.0	0.0022704063894799374
1629.0	0.0022638381705366957
1630.0	0.002255395077437006
1631.0	0.002245088559277556
1632.0	0.0022329315885092375
1633.0	0.0022189386466027203
1634.0	0.0022031257084966396
1635.0	0.0021855102258440968
1636.0	0.0021661111090741357
1637.0	0.002144948708285743
1638.0	0.002122044792992829
1639.0	0.002097422530739774
1640.0	0.002071106464607656
1641.0	0.0020431224896323265
1642.0	0.002013497828156633
1643.0	0.001982261004139143
1644.0	0.001949441816443619
1645.0	0.001915071311133156
1646.0	0.0018791817527945088
1647.0	0.0018418065949185177
1648.0	0.001802980449363236
1649.0	0.0017627390549271055
1650.0	0.0017211192450604772
1651.0	0.0016781589147437746
1652.0	0.00163389698656192
1653.0	0.0015883733760049482
1654.0	0.0015416289560249586
1655.0	0.0014937055208808902
1656.0	0.001444645749302342
1657.0	0.00139449316700455
1658.0	0.0013432921085872133
1659.0	0.0012910876788497436
1660.0	0.0012379257135565888
1661.0	0.0011838527396863504
1662.0	0.001128915935198556
1663.0	0.0010731630883525295
1664.0	0.0010166425566133742
1665.0	0.0009594032251795627
1666.0	0.0009014944651675764
1667.0	0.0008429660914889541
1668.0	0.0007838683204552301
1669.0	0.0007242517271466254
1670.0	0.0006641672025801734
1671.0	0.0006036659107131704
1672.0	0.000542799245318107
1673.0	0.0004816187867648378
1674.0	0.000420176258746071
1675.0	0.0003585234849823177
1676.0	0.00029671234594167133
1677.0	0.00023479473561085346
1678.0	0.00017282251835280555
1679.0	0.00011084748588627551
1680.0	4.892131442315543e-05
1681.0	-1.2904478001746038e-05
1682.0	-7.457857397344218e-05
1683.0	-0.00013604989887715507
1684.0	-0.00019726766278236468
1685.0	-0.0002581814019965
1686.0	-0.00031874102025418547
1687.0	-0.00037889682950926346
1688.0	-0.00043859959029644846
1689.0	-0.0004978005516301726
1690.0	-0.0005564514904086732
1691.0	-0.000614504750291788
1692.0	-0.000671913280021353
1693.0	-0.0007286306711540239
1694.0	-0.0007846111951760673
1695.0	-0.0008398098399712509
1696.0	-0.0008941823456129587
1697.0	-0.0009476852394520096
1698.0	-0.0010002758704733671
1699.0	-0.0010519124428943786
1700.0	-0.0011025540489785724
1701.0	-0.001152160701039661
1702.0	-0.0012006933626109578
1703.0	-0.0012481139787562626
1704.0	-0.001294385505499015
1705.0	-0.0013394719383472893
1706.0	-0.0013833383398930556
1707.0	-0.0014259508664648895
1708.0	-0.0014672767938140232
1709.0	-0.0015072845418148332
1710.0	-0.0015459436981612438
1711.0	-0.0015832250410418014
1712.0	-0.0016191005607768903
1713.0	-0.0016535434804022643
1714.0	-0.0016865282751844228
1715.0	-0.00171803069105393
1716.0	-0.0017480277619435923
1717.0	-0.0017764978260199037
1718.0	-0.001803420540796474
1719.0	-0.0018287768971194068
1720.0	-0.001852549232015679
1721.0	-0.0018747212403962008
1722.0	-0.0018952779856063991
1723.0	-0.001914205908818264
1724.0	-0.0019314928372583461
1725.0	-0.0019471279912677134
1726.0	-0.0019611019901903913
1727.0	-0.0019734068570880134
1728.0	-0.001984036022279373
1729.0	-0.0019929843257045026
1730.0	-0.0020002480181138173
1731.0	-0.002005824761083993
1732.0	-0.0020097136258630808
1733.0	-0.0020119150910483394
1734.0	-0.002012431039101293
1735.0	-0.0020112647517053985
1736.0	-0.0020084209039727212
1737.0	-0.0020039055575068448
1738.0	-0.0019977261523303515
1739.0	-0.00198989149768593
1740.0	-0.0019804117617212118
1741.0	-0.00196929846006833
1742.0	-0.0019565644433299995
1743.0	-0.0019422238834848745
1744.0	-0.0019262922592258396
1745.0	-0.0019087863402455925
1746.0	-0.0018897241704848703
1747.0	-0.0018691250503594654
1748.0	-0.0018470095179828816
1749.0	-0.0018233993294024206
1750.0	-0.0017983174378672171
1751.0	-0.001771787972147373
1752.0	-0.001743836213924379
1753.0	-0.0017144885742733582
1754.0	-0.0016837725692587348
1755.0	-0.0016517167946654013
1756.0	-0.0016183508998880549
1757.0	-0.0015837055610024723
1758.0	-0.0015478124530424056
1759.0	-0.0015107042215070053
1760.0	-0.0014724144531240418
1761.0	-0.0014329776458946383
1762.0	-0.001392429178445861
1763.0	-0.0013508052787183393
1764.0	-0.0013081429920158115
1765.0	-0.0012644801484447913
1766.0	-0.0012198553297726256
1767.0	-0.0011743078357323994
1768.0	-0.0011278776498041473
1769.0	-0.0010806054045015175
1770.0	-0.0010325323461939226
1771.0	-0.000983700299494298
1772.0	-0.0009341516312428456
1773.0	-0.0008839292141174047
1774.0	-0.0008330763899016833
1775.0	-0.0007816369324422636
1776.0	-0.0007296550103256597
1777.0	-0.0006771751493075155
1778.0	-0.0006242421945247918
1779.0	-0.0005709012725234469
1780.0	-0.0005171977531331058
1781.0	-0.00046317721122061343
1782.0	-0.0004088853883547445
1783.0	-0.00035436815441368744
1784.0	-0.0002996714691674302
1785.0	-0.00024484134386701904
1786.0	-0.0001899238028722815
1787.0	-0.00013496484534990857
1788.0	-8.001040707361542e-05
1789.0	-2.5106322357437184e-05
1790.0	2.9701713846025726e-05
1791.0	8.436818365181731e-05
1792.0	0.0001388477837222105
1793.0	0.0001930954624889637
1794.0	0.0002470664570882091
1795.0	0.0003007163299778579
1796.0	0.0003540010052074886
1797.0	0.00040687680431200114
1798.0	0.0004593004817995492
1799.0	0.0005112292602053505
1800.0	0.0005626208646833499
1801.0	0.0006134335571076873
1802.0	0.0006636261696570884
1803.0	0.0007131581378552647
1804.0	0.000761989533040847
1805.0	0.0008100810942414712
1806.0	0.0008573942594267249
1807.0	0.0009038911961150344
1808.0	0.0009495348313109508
1809.0	0.0009942888807491041
1810.0	0.0010381178774218512
1811.0	0.0010809871993689808
1812.0	0.0011228630967074112
1813.0	0.0011637127178803631
1814.0	0.0012035041351058256
1815.0	0.0012422063690047148
1816.0	0.0012797894123900808
1817.0	0.0013162242531996582
1818.0	0.001351482896553853
1819.0	0.0013855383859233956
1820.0	0.0014183648233905065
1821.0	0.0014499373889887187
1822.0	0.0014802323591074254
1823.0	0.0015092271239474562
1824.0	0.0015369002040154906
1825.0	0.0015632312656455238
1826.0	0.001588201135536335
1827.0	0.0016117918142951682
1828.0	0.0016339864889783216
1829.0	0.001654769544620299
1830.0	0.0016741265747440381
1831.0	0.0016920443908456878
1832.0	0.0017085110308480095
1833.0	0.001723515766517646
1834.0	0.0017370491098421636
1835.0	0.0017491028183637075
1836.0	0.0017596698994670355
1837.0	0.0017687446136204095
1838.0	0.0017763224765689229
1839.0	0.0017824002604805026
1840.0	0.0017869759940457894
1841.0	0.001790048961533965
1842.0	0.0017916197008074424
1843.0	0.0017916900002991594
1844.0	0.0017902628949571263
1845.0	0.0017873426611616883
1846.0	0.001782934810621806
1847.0	0.0017770460832574916
1848.0	0.00176968443907638
1849.0	0.0017608590490532042
1850.0	0.0017505802850217697
1851.0	0.0017388597085898436
1852.0	0.0017257100590880791
1853.0	0.0017111452405649784
1854.0	0.001695180307840645
1855.0	0.0016778314516326912
1856.0	0.0016591159827686443
1857.0	0.0016390523154997433
1858.0	0.0016176599499317414
1859.0	0.0015949594535891718
1860.0	0.0015709724421300812
1861.0	0.0015457215592288354
1862.0	0.0015192304556456357
1863.0	0.0014915237675014112
1864.0	0.0014626270937780263
1865.0	0.0014325669730638401
1866.0	0.001401370859565449
1867.0	0.0013690670984071
1868.0	0.00133568490023962
1869.0	0.0013012543151812179
1870.0	0.001265806206113454
1871.0	0.0012293722213554065
1872.0	0.0011919847667402356
1873.0	0.0011536769771185226
1874.0	0.0011144826873129687
1875.0	0.0010744364025498275
1876.0	0.001033573268392666
1877.0	0.000991929040204299
1878.0	0.0009495400521632325
1879.0	0.0009064431858612186
1880.0	0.0008626758385087852
1881.0	0.0008182758907760426
1882.0	0.0007732816742959522
1883.0	0.0007277319388578393
1884.0	0.0006816658193191227
1885.0	0.0006351228022629758
1886.0	0.0005881426924303238
1887.0	0.0005407655789544143
1888.0	0.0004930318014264041
1889.0	0.00044498191582041137
1890.0	0.00039665666030669
1891.0	0.0003480969209813216
1892.0	0.00029934369754135767
1893.0	0.0002504380689336595
1894.0	0.00020142115900617652
1895.0	0.00015233410219034176
1896.0	0.00010321800924255591
1897.0	5.4113933073425546e-05
1898.0	5.0628346930509105e-06
1899.0	-4.389445070010489e-05
1900.0	-9.27172474583255e-05
1901.0	-0.00014136507302444333
1902.0	-0.00018979767124485594
1903.0	-0.00023797504542815654
1904.0	-0.0002858574911230897
1905.0	-0.00033340562858866305
1906.0	-0.00038058043493020225
1907.0	-0.00042734327587542163
1908.0	-0.0004736559371648101
1909.0	-0.000519480655530917
1910.0	-0.0005647801492417595
1911.0	-0.0006095176481837996
1912.0	-0.0006536569234603549
1913.0	-0.0006971623164820956
1914.0	-0.000739998767525959
1915.0	-0.0007821318437403663
1916.0	-0.0008235277665742716
1917.0	-0.0008641534386083171
1918.0	-0.0009039764697673057
1919.0	-0.0009429652028931901
1920.0	-0.0009810887386586015
1921.0	-0.0010183169598016596
1922.0	-0.0010546205546631505
1923.0	-0.001089971040007933
1924.0	-0.0011243407831130086
1925.0	-0.00115770302310534
1926.0	-0.0011900318915331605
1927.0	-0.0012213024321552572
1928.0	-0.001251490619933136
1929.0	-0.0012805733792120553
1930.0	-0.0013085286010773012
1931.0	-0.0013353351598728398
1932.0	-0.0013609729288703958
1933.0	-0.0013854227950774924
1934.0	-0.0014086666731738052
1935.0	-0.0014306875185660605
1936.0	-0.0014514693395522172
1937.0	-0.0014709972085866026
1938.0	-0.0014892572726384434
1939.0	-0.0015062367626368011
1940.0	-0.0015219240019959987
1941.0	-0.0015363084142161092
1942.0	-0.0015493805295539996
1943.0	-0.0015611319907612444
1944.0	-0.0015715555578858682
1945.0	-0.0015806451121357502
1946.0	-0.0015883956588023352
1947.0	-0.001594803329243936
1948.0	-0.0015998653819288883
1949.0	-0.0016035802025394263
1950.0	-0.0016059473031380155
1951.0	-0.0016069673203986435
1952.0	-0.0016066420129063252
1953.0	-0.001604974257528834
1954.0	-0.0016019680448654823
1955.0	-0.001597628473778454
1956.0	-0.001591961745013027
1957.0	-0.0015849751539136919
1958.0	-0.001576677082243976
1959.0	-0.0015670769891184557
1960.0	-0.001556185401056163
1961.0	-0.001544013901165394
1962.0	-0.0015305751174704888
1963.0	-0.0015158827103918956
1964.0	-0.0014999513593916616
1965.0	-0.0014827967487968776
1966.0	-0.0014644355528144427
1967.0	-0.001444885419751287
1968.0	-0.0014241649554544052
1969.0	-0.0014022937059861938
1970.0	-0.0013792921395507697
1971.0	-0.0013551816276877516
1972.0	-0.0013299844257505496
1973.0	-0.0013037236526866657
1974.0	-0.001276423270138184
1975.0	-0.001248108060881067
1976.0	-0.0012188036066224043
1977.0	-0.0011885362651753066
1978.0	-0.0011573331470316065
1979.0	-0.0011252220913528076
1980.0	-0.0010922316414005888
1981.0	-0.0010583910194280873
1982.0	-0.0010237301010538637
1983.0	-0.0009882793891411046
1984.0	-0.0009520699872042375
1985.0	-0.0009151335723662345
1986.0	-0.000877502367889956
1987.0	-0.000839209115306906
1988.0	-0.0008002870461675041
1989.0	-0.0007607698534370837
1990.0	-0.0007206916625617692
1991.0	-0.000680087002229361
1992.0	-0.0006389907748495438
1993.0	-0.0005974382267788791
1994.0	-0.0005554649183156886
1995.0	-0.0005131066934900798
1996.0	-0.0004703996496746403
1997.0	-0.00042738010704158197
1998.0	-0.00038408457789169525
1999.0	-0.0003405497358809524
2000.0	-0.0002968123851707109
2001.0	-0.00025290942952689837
2002.0	-0.00020887784139438006
2003.0	-0.00016475463097186983
2004.0	-0.00012057681531337221
2005.0	-7.638138748162614e-05
2006.0	-3.220528577908138e-05
2007.0	1.1914636918126768e-05
2008.0	5.594164369787571e-05
2009.0	9.983914399635044e-05
2010.0	0.00014357072380411298
2011.0	0.0001871001756687295
2012.0	0.00023039152846999252
2013.0	0.0002734090769429447
2014.0	0.00031611741092487343
2015.0	0.0003584814443024862
2016.0	0.00040046644363562513
2017.0	0.000442038056434421
2018.0	0.00048316233906712646
2019.0	0.0005238057842759224
2020.0	0.0005639353482786913
2021.0	0.0006035184774349912
2022.0	0.0006425231344547749
2023.0	0.0006809178241291036
2024.0	0.0007186716185620971
2025.0	0.0007557541818843227
2026.0	0.0007921357944279304
2027.0	0.0008277873763443185
2028.0	0.0008626805106459888
2029.0	0.0008967874656542782
2030.0	0.0009300812168354768
2031.0	0.0009625354680082993
2032.0	0.0009941246719063108
2033.0	0.0010248240500792408
2034.0	0.0010546096121180867
2035.0	0.0010834581741889545
2036.0	0.0011113473768618553
2037.0	0.0011382557022206925
2038.0	0.001164162490241507
2039.0	0.001189047954426914
2040.0	0.0012128931966849435
2041.0	0.0012356802214412836
2042.0	0.0012573919489746767
2043.0	0.001278012227965815
2044.0	0.0012975258472505537
2045.0	0.001315918546769432
2046.0	0.0013331770277055595
2047.0	0.001349288961804114
2048.0	0.001364242999867133
2049.0	0.001378028779417995
2050.0	0.0013906369315308232
2051.0	0.001402059086820558
2052.0	0.0014122878805902953
2053.0	0.0014213169571331266
2054.0	0.001429140973186464
2055.0	0.0014357556005374435
2056.0	0.0014411575277788785
2057.0	0.0014453444612157432
2058.0	0.0014483151249230517
2059.0	0.0014500692599565654
2060.0	0.001450607622718533
2061.0	0.0014499319824813693
2062.0	0.0014480451180728083
2063.0	0.0014449508137268344
2064.0	0.001440653854105342
2065.0	0.0014351600184961293
2066.0	0.0014284760741935874
2067.0	0.001420609769068993
2068.0	0.0014115698233380931
2069.0	0.001401365920534255
2070.0	0.001390008697696074
2071.0	0.0013775097347791029
2072.0	0.001363881543301799
2073.0	0.0013491375542365367
2074.0	0.001333292105157155
2075.0	0.0013163604266550068
2076.0	0.001298358628036061
2077.0	0.0012793036823124438
2078.0	0.001259213410501856
2079.0	0.0012381064652494706
2080.0	0.001216002313786874
2081.0	0.0011929212202435716
2082.0	0.001168884227326901
2083.0	0.0011439131373866427
2084.0	0.0011180304928811724
2085.0	0.0010912595562626217
2086.0	0.0010636242892985842
2087.0	0.0010351493318486744
2088.0	0.0010058599801146444
2089.0	0.0009757821643828542
2090.0	0.00094494242627873
2091.0	0.0009133678955529087
2092.0	0.0008810862664190991
2093.0	0.0008481257734643411
2094.0	0.0008145151671522938
2095.0	0.0007802836889406195
2096.0	0.0007454610460340162
2097.0	0.0007100773857944267
2098.0	0.0006741632698301818
2099.0	0.0006377496477864971
2100.0	0.0006008678308593411
2101.0	0.0005635494650554195
2102.0	0.0005258265042208214
2103.0	0.0004877311828611255
2104.0	0.00044929598877620387
2105.0	0.00041055363553250523
2106.0	0.0003715370347960392
2107.0	0.00033227926854957016
2108.0	0.00029281356121700804
2109.0	0.00025317325171851906
2110.0	0.00021339176547972068
2111.0	0.0001735025864182064
2112.0	0.00013353922893090137
2113.0	9.3535209905341e-05
2114.0	5.352402077833142e-05
2115.0	1.3539099664947214e-05
2116.0	-2.6386196418935574e-05
2117.0	-6.621861921778452e-05
2118.0	-0.00010592505675814656
2119.0	-0.00014547256070870842
2120.0	-0.00018482837355598535
2121.0	-0.00022395995557326388
2122.0	-0.0002628350115611274
2123.0	-0.00030142151733705824
2124.0	-0.00033968774595339105
2125.0	-0.0003776022936214721
2126.0	-0.00041513410532143967
2127.0	-0.0004522525000767519
2128.0	-0.000488927195873093
2129.0	-0.0005251283342013304
2130.0	-0.0005608265042050969
2131.0	-0.0005959927664133213
2132.0	-0.000630598676038761
2133.0	-0.0006646163058241137
2134.0	-0.0006980182684171265
2135.0	-0.0007307777382572281
2136.0	-0.0007628684729562183
2137.0	-0.0007942648341559815
2138.0	-0.0008249418078470085
2139.0	-0.0008548750241316443
2140.0	-0.00088404077641653
2141.0	-0.0009124160400193362
2142.0	-0.0009399784901754191
2143.0	-0.0009667065194301628
2144.0	-0.0009925792544040084
2145.0	-0.0010175765719168883
2146.0	-0.001041679114460109
2147.0	-0.0010648683050037612
2148.0	-0.00108712636112847
2149.0	-0.0011084363084709814
2150.0	-0.0011287819934736097
2151.0	-0.0011481480954279334
2152.0	-0.0011665201378041996
2153.0	-0.0011838844988581053
2154.0	-0.001200228421507325
2155.0	-0.0012155400224709819
2156.0	-0.001229808300665578
2157.0	-0.001243023144851742
2158.0	-0.0012551753405267395
2159.0	-0.001266256576058255
2160.0	-0.001276259448055677
2161.0	-0.001285177465975727
2162.0	-0.0012930050559598833
2163.0	-0.0012997375639017543
2164.0	-0.0013053712577431767
2165.0	-0.0013099033289983813
2166.0	-0.0013133318935063774
2167.0	-0.0013156559914121592
2168.0	-0.00131687558637813
2169.0	-0.0013169915640276822
2170.0	-0.0013160057296235435
2171.0	-0.0013139208049841448
2172.0	-0.001310740424641843
2173.0	-0.0013064691312475196
2174.0	-0.0013011123702266494
2175.0	-0.0012946764836925342
2176.0	-0.0012871687036231014
2177.0	-0.0012785971443081004
2178.0	-0.0012689707940742993
2179.0	-0.0012582995062967754
2180.0	-0.0012465939897049467
2181.0	-0.0012338657979926973
2182.0	-0.00122012731874231
2183.0	-0.0012053917616726712
2184.0	-0.0011896731462226668
2185.0	-0.0011729862884811899
2186.0	-0.001155346787475719
2187.0	-0.0011367710108320605
2188.0	-0.001117276079818169
2189.0	-0.0010968798537855425
2190.0	-0.0010756009140221868
2191.0	-0.0010534585470315444
2192.0	-0.0010304727272523171
2193.0	-0.0010066640992344813
2194.0	-0.0009820539592871494
2195.0	-0.00095666423661469
2196.0	-0.0009305174739573808
2197.0	-0.0009036368077536697
2198.0	-0.0008760459478414726
2199.0	-0.0008477691567159492
2200.0	-0.0008188312283618215
2201.0	-0.000789257466678836
2202.0	-0.0007590736635185056
2203.0	-0.0007283060763516001
2204.0	-0.0006969814055851117
2205.0	-0.0006651267715485467
2206.0	-0.000632769691169043
2207.0	-0.0005999380543552108
2208.0	-0.000566660100110008
2209.0	-0.0005329643923928651
2210.0	-0.0004988797957516068
2211.0	-0.00046443545074475404
2212.0	-0.00042966074917523325
2213.0	-0.00039458530915600833
2214.0	-0.0003592389500292961
2215.0	-0.00032365166715974357
2216.0	-0.00028785360662336116
2217.0	-0.00025187503981319824
2218.0	-0.0002157463379829144
2219.0	-0.00017949794674980857
2220.0	-0.00014316036057852085
2221.0	-0.0001067640972663925
2222.0	-7.033967245215385e-05
2223.0	-3.391757416889435e-05
2224.0	2.4717625377226188e-06
2225.0	3.8797980904653646e-05
2226.0	7.503082763934271e-05
2227.0	0.0001111401779796857
2228.0	0.00014709606060485728
2229.0	0.00018286868237720605
2230.0	0.00021842845289447594
2231.0	0.00025374600883227606
2232.0	0.0002887922380569582
2233.0	0.0003235383034893755
2234.0	0.00035795566669951555
2235.0	0.00039201611121360974
2236.0	0.00042569176551410324
2237.0	0.0004589551257141362
2238.0	0.0004917790778883394
2239.0	0.0005241369200415223
2240.0	0.0005560023836980329
2241.0	0.0005873496550940433
2242.0	0.0006181533959560333
2243.0	0.0006483887638486733
2244.0	0.0006780314320760979
2245.0	0.0007070576091205098
2246.0	0.0007354440576027507
2247.0	0.0007631681127500292
2248.0	0.0007902077003559458
2249.0	0.000816541354218911
2250.0	0.0008421482330451646
2251.0	0.0008670081368033725
2252.0	0.000891101522517858
2253.0	0.0009144095194884259
2254.0	0.0009369139439249043
2255.0	0.0009585973129853755
2256.0	0.0009794428582070892
2257.0	0.0009994345383202105
2258.0	0.0010185570514344442
2259.0	0.0010367958465895563
2260.0	0.0010541371346613183
2261.0	0.0010705678986145091
2262.0	0.0010860759030959359
2263.0	0.0011006497033602142
2264.0	0.0011142786535221136
2265.0	0.001126952914129712
2266.0	0.001138663459053106
2267.0	0.0011494020816840466
2268.0	0.0011591614004425013
2269.0	0.00116793486358667
2270.0	0.001175716753323545
2271.0	0.001182502189217807
2272.0	0.0011882871308972545
2273.0	0.0011930683800537491
2274.0	0.0011968435817390848
2275.0	0.0011996112249558857
2276.0	0.001201370642544149
2277.0	0.0012021220103647103
2278.0	0.001201866345781397
2279.0	0.001200605505444305
2280.0	0.0011983421823771588
2281.0	0.0011950799023723094
2282.0	0.0011908230196974782
2283.0	0.0011855767121189522
2284.0	0.0011793469752464521
2285.0	0.0011721406162054867
2286.0	0.00116396524664358
2287.0	0.001154829275077178
2288.0	0.0011447418985867713
2289.0	0.0011337130938681318
2290.0	0.0011217536076481897
2291.0	0.0011088749464744888
2292.0	0.0010950893658878327
2293.0	0.0010804098589880027
2294.0	0.0010648501444031808
2295.0	0.001048424653673908
2296.0	0.0010311485180631514
2297.0	0.001013037554804312
2298.0	0.0009941082527994867
2299.0	0.0009743777577809381
2300.0	0.0009538638569487599
2301.0	0.0009325849630985477
2302.0	0.0009105600982530367
2303.0	0.0008878088768121913
2304.0	0.0008643514882363543
2305.0	0.0008402086792778972
2306.0	0.0008154017357767654
2307.0	0.0007899524640355765
2308.0	0.0007638831717909425
2309.0	0.0007372166487969387
2310.0	0.0007099761470378699
2311.0	0.0006821853605873465
2312.0	0.0006538684051309151
2313.0	0.0006250497971699272
2314.0	0.0005957544329243504
2315.0	0.0005660075669527177
2316.0	0.000535834790507444
2317.0	0.0005052620096437643
2318.0	0.00047431542310118983
2319.0	0.00044302149997617855
2320.0	0.0004114069572047222
2321.0	0.00037949873687430705
2322.0	0.00034732398338403313
2323.0	0.0003149100204724248
2324.0	0.0002822843281321784
2325.0	0.0002494745194311348
2326.0	0.00021650831725913717
2327.0	0.00018341353102013444
2328.0	0.00015021803328909775
2329.0	0.00011694973645313012
2330.0	8.36365693564654e-05
2331.0	5.03064539684522e-05
2332.0	1.6987282094348306e-05
2333.0	-1.6293107852004794e-05
2334.0	-4.95069539944654e-05
2335.0	-8.262659404038517e-05
2336.0	-0.00011562448820703376
2337.0	-0.00014847324200991524
2338.0	-0.0001811456288938586
2339.0	-0.00021361461268848674
2340.0	-0.00024585336986981347
2341.0	-0.000277835311609144
2342.0	-0.000309534105592034
2343.0	-0.00034092369758877573
2344.0	-0.00037197833275935286
2345.0	-0.00040267257667520387
2346.0	-0.0004329813360408269
2347.0	-0.00046287987909860015
2348.0	-0.000492343855699985
2349.0	-0.0005213493170272451
2350.0	-0.0005498727349495061
2351.0	-0.0005778910209979188
2352.0	-0.0006053815449443578
2353.0	-0.0006323221529691433
2354.0	-0.0006586911854030179
2355.0	-0.0006844674940294036
2356.0	-0.0007096304589332169
2357.0	-0.0007341600048827708
2358.0	-0.0007580366172321178
2359.0	-0.000781241357330997
2360.0	-0.0008037558774305251
2361.0	-0.0008255624350730194
2362.0	-0.0008466439069546028
2363.0	-0.0008669838022499756
2364.0	-0.0008865662753891107
2365.0	-0.0009053761382759892
2366.0	-0.0009233988719400704
2367.0	-0.0009406206376118356
2368.0	-0.0009570282872137428
2369.0	-0.000972609373259107
2370.0	-0.0009873521581513734
2371.0	-0.0010012456228769828
2372.0	-0.001014279475085546
2373.0	-0.0010264441565516064
2374.0	-0.0010377308500125995
2375.0	-0.0010481314853783787
2376.0	-0.0010576387453080634
2377.0	-0.001066246070150518
2378.0	-0.0010739476622454096
2379.0	-0.0010807384895821102
2380.0	-0.0010866142888145305
2381.0	-0.0010915715676302507
2382.0	-0.0010956076064730282
2383.0	-0.001098720459618215
2384.0	-0.0011009089556012143
2385.0	-0.0011021726969995622
2386.0	-0.0011025120595698603
2387.0	-0.0011019281907412339
2388.0	-0.0011004230074675735
2389.0	-0.0010979991934413277
2390.0	-0.0010946601956721511
2391.0	-0.001090410220434219
2392.0	-0.0010852542285865675
2393.0	-0.0010791979302713264
2394.0	-0.001072247778995154
2395.0	-0.0010644109650998434
2396.0	-0.0010556954086283982
2397.0	-0.0010461097515934745
2398.0	-0.0010356633496555164
2399.0	-0.00102436626321854
2400.0	-0.0010122292479515988
2401.0	-0.000999263744745107
2402.0	-0.0009854818691108131
2403.0	-0.0009708964000354789
2404.0	-0.0009555207682981405
2405.0	-0.0009393690442616102
2406.0	-0.0009224559251491513
2407.0	-0.0009047967218177373
2408.0	-0.0008864073450396892
2409.0	-0.000867304291304822
2410.0	-0.0008475046281557303
2411.0	-0.0008270259790690055
2412.0	-0.0008058865078959098
2413.0	-0.0007841049028759085
2414.0	-0.0007617003602370933
2415.0	-0.0007386925673979043
2416.0	-0.000715101685784628
2417.0	-0.0006909483332795457
2418.0	-0.0006662535663150906
2419.0	-0.0006410388616293009
2420.0	-0.0006153260976982811
2421.0	-0.0005891375358618904
2422.0	-0.0005624958011584101
2423.0	-0.0005354238628850639
2424.0	-0.000507945014900645
2425.0	-0.0004800828556872413
2426.0	-0.00045186126818809024
2427.0	-0.000423304399438427
2428.0	-0.0003944366400069465
2429.0	-0.00036528260326507914
2430.0	-0.00033586710450176326
2431.0	-0.0003062151399010884
2432.0	-0.00027635186540100193
2433.0	-0.00024630257545031446
2434.0	-0.00021609268168233317
2435.0	-0.00018574769152278955
2436.0	-0.00015529318674996177
2437.0	-0.00012475480202516626
2438.0	-9.415820341115988e-05
2439.0	-6.352906689686879e-05
2440.0	-3.289305694584386e-05
2441.0	-2.2758050866921245e-06
2442.0	2.8297111437024583e-05
2443.0	5.880019093948592e-05
2444.0	8.92080284705726e-05
2445.0	0.00011949533688125104
2446.0	0.00014963696775918169
2447.0	0.0001796079322174426
2448.0	0.0002093834215187787
2449.0	0.00023893882751898406
2450.0	0.000268249762912327
2451.0	0.0002972920812624974
2452.0	0.000326041896802656
2453.0	0.000354475603988629
2454.0	0.0003825698967890208
2455.0	0.00041030178769679935
2456.0	0.0004376486264467778
2457.0	0.0004645881184238616
2458.0	0.0004910983427473129
2459.0	0.0005171577700161076
2460.0	0.0005427452797015222
2461.0	0.0005678401771726069
2462.0	0.0005924222103411204
2463.0	0.0006164715859124743
2464.0	0.0006399689852299047
2465.0	0.0006628955796990619
2466.0	0.0006852330457808563
2467.0	0.0007069635795408234
2468.0	0.0007280699107433221
2469.0	0.0007485353164796464
2470.0	0.0007683436343192843
2471.0	0.0007874792749741914
2472.0	0.000805927234466068
2473.0	0.0008236731057873419
2474.0	0.0008407030900468701
2475.0	0.0008570040070918644
2476.0	0.0008725633055977503
2477.0	0.0008873690726186784
2478.0	0.0009014100425912008
2479.0	0.0009146756057845546
2480.0	0.0009271558161913979
2481.0	0.0009388413988529862
2482.0	0.0009497237566138419
2483.0	0.0009597949763008274
2484.0	0.0009690478343225426
2485.0	0.0009774758016850367
2486.0	0.0009850730484206897
2487.0	0.0009918344474272734
2488.0	0.0009977555777149617
2489.0	0.0010028327270593942
2490.0	0.0010070628940594692
2491.0	0.001010443789599036
2492.0	0.0010129738377120893
2493.0	0.0010146521758516798
2494.0	0.0010154786545631385
2495.0	0.0010154538365627665
2496.0	0.0010145789952236636
2497.0	0.0010128561124707488
2498.0	0.0010102878760876687
2499.0	0.001006877676438641
2500.0	0.0010026296026088282
2501.0	0.0009975484379673473
2502.0	0.0009916396551573608
2503.0	0.0009849094105183914
2504.0	0.0009773645379462098
2505.0	0.0009690125421962944
2506.0	0.0009598615916372789
2507.0	0.0009499205104611516
2508.0	0.0009391987703575677
2509.0	0.000927706481659912
2510.0	0.0009154543839713938
2511.0	0.0009024538362795375
2512.0	0.0008887168065682969
2513.0	0.0008742558609369259
2514.0	0.0008590841522356459
2515.0	0.0008432154082280772
2516.0	0.0008266639192910917
2517.0	0.0008094445256630243
2518.0	0.0007915726042514635
2519.0	0.0007730640550122725
2520.0	0.0007539352869118613
2521.0	0.0007342032034850401
2522.0	0.0007138851880008541
2523.0	0.0006929990882497722
2524.0	0.0006715632009649361
2525.0	0.0006495962558913894
2526.0	0.0006271173995169546
2527.0	0.0006041461784786605
2528.0	0.0005807025226592854
2529.0	0.0005568067279883944
2530.0	0.0005324794389625518
2531.0	0.000507741630900037
2532.0	0.0004826145919447824
2533.0	0.00045711990483522646
2534.0	0.00043127942845353016
2535.0	0.0004051152791708281
2536.0	0.00037864981200442117
2537.0	0.00035190560160277586
2538.0	0.0003249054230745922
2539.0	0.00029767223267801284
2540.0	0.00027022914838650304
2541.0	0.0002425994303472687
2542.0	0.00021480646124938212
2543.0	0.00018687372661759308
2544.0	0.00015882479504843866
2545.0	0.00013068329840546303
2546.0	0.0001024729119897573
2547.0	7.421733470280942e-05
2548.0	4.594026921786454e-05
2549.0	1.766540217640073e-05
2550.0	-1.0583615573554576e-05
2551.0	-3.8783188681284705e-05
2552.0	-6.690979692256654e-05
2553.0	-9.49400147384101e-05
2554.0	-0.00012285053066674392
2555.0	-0.0001506181666513914
2556.0	-0.00017821989721203283
2557.0	-0.00020563286845961311
2558.0	-0.00023283441694158013
2559.0	-0.00025980208830119053
2560.0	-0.000286513655736011
2561.0	-0.000312947138240005
2562.0	-0.00033908081861481684
2563.0	-0.00036489326123518217
2564.0	-0.00039036332955402894
2565.0	-0.00041547020333335604
2566.0	-0.0004401933955864232
2567.0	-0.0004645127692180016
2568.0	-0.0004884085533488807
2569.0	-0.0005118613593115863
2570.0	-0.000534852196304547
2571.0	-0.0005573624866919283
2572.0	-0.0005793740809370189
2573.0	-0.0006008692721571306
2574.0	-0.0006218308102885564
2575.0	-0.000642241915850136
2576.0	-0.0006620862932945834
2577.0	-0.0006813481439371563
2578.0	-0.0007000121784511862
2579.0	-0.0007180636289210305
2580.0	-0.0007354882604425753
2581.0	-0.000752272382262696
2582.0	-0.000768402858448702
2583.0	-0.0007838671180796443
2584.0	-0.0007986531649517327
2585.0	-0.0008127495867902524
2586.0	-0.0008261455639612262
2587.0	-0.0008388308776760092
2588.0	-0.0008507959176829422
2589.0	-0.0008620316894400983
2590.0	-0.0008725298207640631
2591.0	-0.000882282567949892
2592.0	-0.0008912828213577803
2593.0	-0.0008995241104626828
2594.0	-0.0009070006083632705
2595.0	-0.0009137071357473488
2596.0	-0.0009196391643111022
2597.0	-0.0009247928196300711
2598.0	-0.0009291648834803222
2599.0	-0.0009327527956085182
2600.0	-0.0009355546549502778
2601.0	-0.0009375692202965186
2602.0	-0.0009387959104080019
2603.0	-0.0009392348035787992
2604.0	-0.0009388866366497278
2605.0	-0.000937752803473431
2606.0	-0.0009358353528330623
2607.0	-0.000933136985817141
2608.0	-0.0009296610526534613
2609.0	-0.0009254115490055039
2610.0	-0.0009203931117351125
2611.0	-0.0009146110141358245
2612.0	-0.0009080711606414011
2613.0	-0.0009007800810148692
2614.0	-0.0008927449240235022
2615.0	-0.0008839734506058427
2616.0	-0.0008744740265370751
2617.0	-0.000864255614599586
2618.0	-0.0008533277662660299
2619.0	-0.0008417006129022493
2620.0	-0.0008293848564984445
2621.0	-0.0008163917599365634
2622.0	-0.0008027331368029621
2623.0	-0.0007884213407553702
2624.0	-0.0007734692544535634
2625.0	-0.0007578902780637224
2626.0	-0.0007416983173465612
2627.0	-0.0007249077713397489
2628.0	-0.0007075335196455208
2629.0	-0.0006895909093345238
2630.0	-0.0006710957414773726
2631.0	-0.0006520642573158032
2632.0	-0.0006325131240853088
2633.0	-0.0006124594205015039
2634.0	-0.0005919206219230522
2635.0	-0.0005709145852036876
2636.0	-0.0005494595332465346
2637.0	-0.0005275740392741432
2638.0	-0.0005052770108274051
2639.0	-0.00048258767350746815
2640.0	-0.0004595255544742735
2641.0	-0.0004361104657159215
2642.0	-0.0004123624871032929
2643.0	-0.0003883019492439757
2644.0	-0.00036394941615050785
2645.0	-0.00033932566773728877
2646.0	-0.00031445168216137544
2647.0	-0.000289348618021568
2648.0	-0.00026403779643150924
2649.0	-0.0002385406829813752
2650.0	-0.0002128788696035373
2651.0	-0.00018707405635765093
2652.0	-0.00016114803315006587
2653.0	-0.00013512266140342823
2654.0	-0.00010901985569128575
2655.0	-8.28615653534954e-05
2656.0	-5.666975610761887e-05
2657.0	-3.0466391671602096e-05
2658.0	-4.273415413202485e-06
2659.0	2.188726795867039e-05
2660.0	4.799381064536255e-05
2661.0	7.402443993772103e-05
2662.0	9.995747630777829e-05
2663.0	0.0001257713513981634
2664.0	0.00015144462589418992
2665.0	0.00017695600726402036
2666.0	0.00020228436735218475
2667.0	0.00022740875981191663
2668.0	0.0002523084373621666
2669.0	0.0002769628688549636
2670.0	0.000301351756139088
2671.0	0.00032545505070658183
2672.0	0.0003492529701080364
2673.0	0.0003727260141236934
2674.0	0.0003958549806769695
2675.0	0.0004186209814773375
2676.0	0.0004410054573803692
2677.0	0.0004629901934518803
2678.0	0.0004845573337245294
2679.0	0.000505689395634576
2680.0	0.0005263692841275499
2681.0	0.000546580305421018
2682.0	0.0005663061804140604
2683.0	0.0005855310577321398
2684.0	0.0006042395263972688
2685.0	0.0006224166281135004
2686.0	0.000640047869157608
2687.0	0.0006571192318660612
2688.0	0.0006736171857088549
2689.0	0.0006895286979416671
2690.0	0.0007048412438280835
2691.0	0.0007195428164237641
2692.0	0.0007336219359151148
2693.0	0.0007470676585051696
2694.0	0.0007598695848399895
2695.0	0.0007720178679690098
2696.0	0.0007835032208334297
2697.0	0.0007943169232769847
2698.0	0.000804450828573864
2699.0	0.00081389736946903
2700.0	0.0008226495637264796
2701.0	0.0008307010191815295
2702.0	0.000838045938293534
2703.0	0.0008446791221958781
2704.0	0.0008505959742406352
2705.0	0.0008557925030354677
2706.0	0.0008602653249710261
2707.0	0.0008640116662373428
2708.0	0.0008670293643282257
2709.0	0.0008693168690331301
2710.0	0.0008708732429162809
2711.0	0.00087169816128339
2712.0	0.0008717919116366319
2713.0	0.0008711553926190471
2714.0	0.0008697901124498971
2715.0	0.000867698186852982
2716.0	0.0008648823364802924
2717.0	0.0008613458838338357
2718.0	0.0008570927496888466
2719.0	0.0008521274490220717
2720.0	0.0008464550864491051
2721.0	0.0008400813511753209
2722.0	0.0008330125114651781
2723.0	0.0008252554086352051
2724.0	0.0008168174505762838
2725.0	0.0008077066048112567
2726.0	0.0007979313910942867
2727.0	0.0007875008735587145
2728.0	0.0007764246524205837
2729.0	0.000764712855245377
2730.0	0.0007523761277857259
2731.0	0.0007394256243984727
2732.0	0.0007258729980493973
2733.0	0.0007117303899148199
2734.0	0.0006970104185888919
2735.0	0.0006817261689064566
2736.0	0.0006658911803911652
2737.0	0.0006495194353388955
2738.0	0.0006326253465470956
2739.0	0.0006152237447005584
2740.0	0.0005973298654247685
2741.0	0.000578959336017976
2742.0	0.0005601281618735072
2743.0	0.0005408527126040861
2744.0	0.0005211497078800396
2745.0	0.0005010362029937853
2746.0	0.00048052957416268955
2747.0	0.0004596475035832941
2748.0	0.0004384079642494173
2749.0	0.0004168292045471419
2750.0	0.00039492973264007364
2751.0	0.000372728300657813
2752.0	0.00035024388870150006
2753.0	0.00032749568867960956
2754.0	0.00030450308798812354
2755.0	0.0002812856530485068
2756.0	0.0002578631127177571
2757.0	0.00023425534158433466
2758.0	0.00021048234316410185
2759.0	0.00018656423301055547
2760.0	0.00016252122175330463
2761.0	0.00013837359807939613
2762.0	0.00011414171167136757
2763.0	8.984595611673078e-05
2764.0	6.55067518029323e-05
2765.0	4.114452881205438e-05
2766.0	1.6779709829828782e-05
2767.0	-7.5673069171605135e-06
2768.0	-3.187616468161309e-05
2769.0	-5.6126565158785315e-05
2770.0	-8.029828537925486e-05
2771.0	-0.00010437119451650644
2772.0	-0.00012832527059602984
2773.0	-0.00015214061709166015
2774.0	-0.0001757974793957129
2775.0	-0.00019927626114924152
2776.0	-0.0002225575404188932
2777.0	-0.00024562208570727204
2778.0	-0.00026845087178330477
2779.0	-0.00029102509532008937
2780.0	-0.00031332619032686023
2781.0	-0.00033533584336304344
2782.0	-0.0003570360085214967
2783.0	-0.0003784089221689343
2784.0	-0.0003994371174316767
2785.0	-0.00042010343841455446
2786.0	-0.0004403910541418946
2787.0	-0.0004602834722089834
2788.0	-0.0004797645521331872
2789.0	-0.000498818518393724
2790.0	-0.0005174299731499745
2791.0	-0.0005355839086276621
2792.0	-0.0005532657191633682
2793.0	-0.0005704612128976368
2794.0	-0.0005871566231072177
2795.0	-0.0006033386191677409
2796.0	-0.0006189943171377938
2797.0	-0.0006341112899563338
2798.0	-0.0006486775772453204
2799.0	-0.0006626816947097793
2800.0	-0.0006761126431281672
2801.0	-0.0006889599169258968
2802.0	-0.0007012135123253879
2803.0	-0.0007128639350665666
2804.0	-0.0007239022076916355
2805.0	-0.0007343198763888808
2806.0	-0.000744109017390102
2807.0	-0.0007532622429170684
2808.0	-0.0007617727066725176
2809.0	-0.0007696341088717638
2810.0	-0.0007768407008112222
2811.0	-0.0007833872889706588
2812.0	-0.0007892692386463827
2813.0	-0.0007944824771128125
2814.0	-0.0007990234963105376
2815.0	-0.000802889355059102
2816.0	-0.0008060776807933235
2817.0	-0.0008085866708223127
2818.0	-0.0008104150931106955
2819.0	-0.0008115622865820502
2820.0	-0.0008120281609448699
2821.0	-0.0008118131960418232
2822.0	-0.0008109184407234374
2823.0	-0.0008093455112477732
2824.0	-0.0008070965892080079
2825.0	-0.0008041744189902667
2826.0	-0.0008005823047643943
2827.0	-0.0007963241070108068
2828.0	-0.0007914042385868902
2829.0	-0.0007858276603367781
2830.0	-0.0007795998762488367
2831.0	-0.0007727269281653753
2832.0	-0.0007652153900496376
2833.0	-0.000757072361815363
2834.0	-0.0007483054627246528
2835.0	-0.0007389228243602328
2836.0	-0.000728933083178414
2837.0	-0.0007183453726496121
2838.0	-0.0007071693149934147
2839.0	-0.0006954150125157207
2840.0	-0.0006830930385554801
2841.0	-0.0006702144280494016
2842.0	-0.0006567906677226458
2843.0	-0.0006428336859144066
2844.0	-0.000628355842047265
2845.0	-0.0006133699157494484
2846.0	-0.0005978890956397664
2847.0	-0.0005819269677846887
2848.0	-0.0005654975038379318
2849.0	-0.0005486150488725823
2850.0	-0.0005312943089165324
2851.0	-0.000513550338201837
2852.0	-0.0004953985261391012
2853.0	-0.00047685458402808335
2854.0	-0.000457934531515923
2855.0	-0.00043865468281465174
2856.0	-0.0004190316326898066
2857.0	-0.00039908224223209575
2858.0	-0.00037882362442428867
2859.0	-0.00035827312951559626
2860.0	-0.00033744833021614974
2861.0	-0.0003163670067239271
2862.0	-0.00029504713159703416
2863.0	-0.00027350685448416677
2864.0	-0.00025176448672593974
2865.0	-0.00022983848584050325
2866.0	-0.00020774743990616
2867.0	-0.00018551005185435138
2868.0	-0.0001631451236863606
2869.0	-0.00014067154062662873
2870.0	-0.0001181082552264537
2871.0	-9.547427143100388e-05
2872.0	-7.278862862336718e-05
2873.0	-5.007038565857987e-05
2874.0	-2.7338604901530356e-05
2875.0	-4.612336281382273e-06
2876.0	1.808939862354671e-05
2877.0	4.074762245754714e-05
2878.0	6.334341790277011e-05
2879.0	8.585794342443444e-05
2880.0	0.0001082724489334776
2881.0	0.00013056829135314751
2882.0	0.00015272695007707447
2883.0	0.00017473004230572457
2884.0	0.00019655933824874868
2885.0	0.00021819677618070688
2886.0	0.00023962447733760642
2887.0	0.0002608247606422677
2888.0	0.0002817801572461273
2889.0	0.0003024734248758777
2890.0	0.0003228875619728836
2891.0	0.0003430058216140385
2892.0	0.00036281172520266245
2893.0	0.00038228907591821406
2894.0	0.0004014219719139561
2895.0	0.0004201948192518396
2896.0	0.00043859234456401124
2897.0	0.00045659960743097837
2898.0	0.00047420201246611425
2899.0	0.0004913853210970222
2900.0	0.000508135663034143
2901.0	0.0005244395474174556
2902.0	0.0005402838736323844
2903.0	0.0005556559417861931
2904.0	0.0005705434628366938
2905.0	0.00058493456836499
2906.0	0.0005988178199848354
2907.0	0.0006121822183808331
2908.0	0.0006250172119687603
2909.0	0.0006373127051708741
2910.0	0.000649059066300107
2911.0	0.0006602471350467657
2912.0	0.000670868229562057
2913.0	0.0006809141531331265
2914.0	0.0006903772004443311
2915.0	0.0006992501634202028
2916.0	0.0007075263366455969
2917.0	0.0007151995223590905
2918.0	0.0007222640350159552
2919.0	0.0007287147054173964
2920.0	0.000734546884403194
2921.0	0.0007397564461050997
2922.0	0.0007443397907589232
2923.0	0.0007482938470733634
2924.0	0.0007516160741542587
2925.0	0.0007543044629831199
2926.0	0.0007563575374492753
2927.0	0.000757774354935307
2928.0	0.0007585545064558133
2929.0	0.0007586981163499548
2930.0	0.0007582058415285461
2931.0	0.0007570788702768866
2932.0	0.0007553189206148513
2933.0	0.0007529282382161624
2934.0	0.0007499095938891074
2935.0	0.000746266280621322
2936.0	0.0007420021101916569
2937.0	0.0007371214093524806
2938.0	0.0007316290155861011
2939.0	0.0007255302724393877
2940.0	0.0007188310244410105
2941.0	0.0007115376116059954
2942.0	0.0007036568635327635
2943.0	0.0006951960930979997
2944.0	0.0006861630897551235
2945.0	0.000676566112442514
2946.0	0.0006664138821077278
2947.0	0.0006557155738546021
2948.0	0.0006444808087200707
2949.0	0.0006327196450882045
2950.0	0.0006204425697488576
2951.0	0.0006076604886090724
2952.0	0.0005943847170652126
2953.0	0.000580626970044336
2954.0	0.0005663993517236337
2955.0	0.0005517143449366691
2956.0	0.000536584800275952
2957.0	0.0005210239249010657
2958.0	0.0005050452710621315
2959.0	0.0004886627243486205
2960.0	0.0004718904916734927
2961.0	0.0004547430890031721
2962.0	0.0004372353288439293
2963.0	0.00041938230749515764
2964.0	0.00040119939208084574
2965.0	0.00038270220737003906
2966.0	0.0003639066223977503
2967.0	0.000344828736897603
2968.0	0.000325484867557904
2969.0	0.00030589153411264905
2970.0	0.00028606544527949194
2971.0	0.0002660234845565071
2972.0	0.00024578269588963796
2973.0	0.0002253602692233814
2974.0	0.00020477352594634388
2975.0	0.0001840399042444471
2976.0	0.00016317694437395676
2977.0	0.00014220227386650425
2978.0	0.00012113359267907882
2979.0	9.998865830083623e-05
2980.0	7.878527082980178e-05
2981.0	5.754125803142385e-05
2982.0	3.62744603920411e-05
2983.0	1.5002716179201951e-05
2984.0	-6.256153478162527e-06
2985.0	-2.7484359477661542e-05
2986.0	-4.866415958692432e-05
2987.0	-6.977787323018307e-05
2988.0	-9.080789620591594e-05
2989.0	-0.00011173671532301683
2990.0	-0.00013254692294360337
2991.0	-0.00015322123142043212
2992.0	-0.0001737424874167044
2993.0	-0.00019409368609680025
2994.0	-0.00021425798517599182
2995.0	-0.00023421871881753285
2996.0	-0.0002539594113660174
2997.0	-0.00027346379090520314
2998.0	-0.00029271580262976845
2999.0	-0.0003116996220195183
3000.0	-0.00033039966780561234
