f	gamma
1.0	0.15214219348522018
2.0	0.152100433321116
3.0	0.15203085053850937
4.0	0.15193345323442026
5.0	0.15180825997679573
6.0	0.1516552945206694
7.0	0.15147458599607147
8.0	0.1512661688537654
9.0	0.15103008284272038
10.0	0.1507663730510259
11.0	0.150475089880109
12.0	0.15015628908186998
13.0	0.14981003175226526
14.0	0.14943638434865883
15.0	0.14903541869635223
16.0	0.1486072120040437
17.0	0.14815184687535654
18.0	0.14766941132147612
19.0	0.14715999877583388
20.0	0.14662370810839132
21.0	0.14606064364037485
22.0	0.14547091516026037
23.0	0.14485463793928316
24.0	0.1442119327480991
25.0	0.14354292587326326
26.0	0.1428477491342647
27.0	0.14212653990067317
28.0	0.14137944110945233
29.0	0.1406066012824146
30.0	0.13980817454372904
31.0	0.13898432063722815
32.0	0.1381352049438452
33.0	0.13726099849879125
34.0	0.13636187800847044
35.0	0.13543802586709158
36.0	0.13448963017297644
37.0	0.13351688474435208
38.0	0.13251998913464028
39.0	0.1314991486471385
40.0	0.1304545743490367
41.0	0.12938648308466003
42.0	0.12829509748790877
43.0	0.1271806459937592
44.0	0.1260433628487913
45.0	0.12488348812062983
46.0	0.12370126770624984
47.0	0.12249695333904222
48.0	0.1212708025945641
49.0	0.12002307889489795
50.0	0.11875405151153763
51.0	0.1174639955667144
52.0	0.11615319203308044
53.0	0.11482192773168698
54.0	0.11347049532815698
55.0	0.11209919332697431
56.0	0.1107083260638254
57.0	0.1092982036958983
58.0	0.107869142190071
59.0	0.10642146330890402
60.0	0.10495549459437649
61.0	0.10347156934926464
62.0	0.10197002661612055
63.0	0.10045121115374914
64.0	0.09891547341113727
65.0	0.09736316949874156
66.0	0.09579466115708846
67.0	0.09421031572260367
68.0	0.09261050609061498
69.0	0.09099561067545996
70.0	0.08936601336764247
71.0	0.08772210348797436
72.0	0.08606427573864531
73.0	0.0843929301511704
74.0	0.08270847203115508
75.0	0.08101131189983506
76.0	0.07930186543233549
77.0	0.07758055339260786
78.0	0.07584780156500268
79.0	0.07410404068243218
80.0	0.07234970635109136
81.0	0.07058523897169582
82.0	0.06881108365721263
83.0	0.06702769014704169
84.0	0.0652355127176377
85.0	0.06343501008953474
86.0	0.06162664533076043
87.0	0.059810885756622446
88.0	0.0579882028258497
89.0	0.05615907203307918
90.0	0.05432397279768386
91.0	0.052483388348930175
92.0	0.05063780560747208
93.0	0.04878771506317778
94.0	0.046933610649298595
95.0	0.04507598961298934
96.0	0.043215352382189265
97.0	0.04135220242888379
98.0	0.039487046128767266
99.0	0.03762039261732424
100.0	0.0357527536423647
101.0	0.0338846434130359
102.0	0.03201657844534947
103.0	0.030149077404261627
104.0	0.02828266094234435
105.0	0.026417851535095585
106.0	0.02455517331293646
107.0	0.022695151889944372
108.0	0.02083831418938399
109.0	0.018985188266088752
110.0	0.017136303125758506
111.0	0.015292188541241218
112.0	0.013453374865864452
113.0	0.011620392843894304
114.0	0.009793773418193815
115.0	0.007974047535166166
116.0	0.006161745947061131
117.0	0.004357399011734514
118.0	0.0025615364899505833
119.0	0.0007746873403190399
120.0	-0.0010026204880349589
121.0	-0.0027698602649691637
122.0	-0.004526506690888693
123.0	-0.00627203611026894
124.0	-0.008005926727030264
125.0	-0.009727658821652246
126.0	-0.01143671496991221
127.0	-0.013132580263131338
128.0	-0.014814742529809164
129.0	-0.01648269255852367
130.0	-0.018135924321970295
131.0	-0.01977393520201526
132.0	-0.021396226215631198
133.0	-0.023002302241584168
134.0	-0.024591672247736406
135.0	-0.026163849518830863
136.0	-0.027718351884616833
137.0	-0.02925470194817726
138.0	-0.030772427314316318
139.0	-0.03227106081786279
140.0	-0.03375014075174385
141.0	-0.03520921109468353
142.0	-0.03664782173837597
143.0	-0.0380655287139858
144.0	-0.03946189441782414
145.0	-0.04083648783604768
146.0	-0.042188884768231585
147.0	-0.04351866804965781
148.0	-0.04482542777216978
149.0	-0.04610876150343589
150.0	-0.04736827450446684
151.0	-0.04860357994523315
152.0	-0.049814299118225124
153.0	-0.051000061649801344
154.0	-0.05216050570916894
155.0	-0.053295278214840466
156.0	-0.05440403503841201
157.0	-0.05548644120550846
158.0	-0.05654217109374056
159.0	-0.05757090862752125
160.0	-0.058572347469587636
161.0	-0.05954619120907739
162.0	-0.06049215354600863
163.0	-0.061409958472012964
164.0	-0.06229934044717443
165.0	-0.06316004457282705
166.0	-0.0639918267601649
167.0	-0.06479445389452235
168.0	-0.06556770399518153
169.0	-0.06631136637056761
170.0	-0.06702524176869386
171.0	-0.06770914252272103
172.0	-0.06836289269149727
173.0	-0.06898632819494732
174.0	-0.06957929694418402
175.0	-0.07014165896621433
176.0	-0.07067328652311809
177.0	-0.07117406422557888
178.0	-0.07164388914065015
179.0	-0.0720826708936422
180.0	-0.07249033176401927
181.0	-0.07286680677519927
182.0	-0.07321204377815199
183.0	-0.07352600352869519
184.0	-0.07380865975839158
185.0	-0.07405999923895346
186.0	-0.07428002184006594
187.0	-0.07446874058054233
188.0	-0.07462618167273123
189.0	-0.07475238456009752
190.0	-0.07484740194790343
191.0	-0.07491129982692185
192.0	-0.07494415749011607
193.0	-0.07494606754222669
194.0	-0.07491713590220918
195.0	-0.07485748179847126
196.0	-0.07476723775686378
197.0	-0.0746465495813824
198.0	-0.07449557632754397
199.0	-0.07431449026840424
200.0	-0.07410347685319027
201.0	-0.07386273465852419
202.0	-0.07359247533222149
203.0	-0.07329292352965018
204.0	-0.07296431684264434
205.0	-0.07260690572096824
206.0	-0.07222095338633505
207.0	-0.07180673573898602
208.0	-0.07136454125684476
209.0	-0.07089467088726313
210.0	-0.0703974379313827
211.0	-0.06987316792113984
212.0	-0.06932219848894818
213.0	-0.06874487923009644
214.0	-0.06814157155790723
215.0	-0.06751264855170361
216.0	-0.06685849479764006
217.0	-0.06617950622245578
218.0	-0.06547608992021571
219.0	-0.06474866397210896
220.0	-0.06399765725937932
221.0	-0.06322350926946843
222.0	-0.06242666989545592
223.0	-0.06160759922888756
224.0	-0.06076676734608535
225.0	-0.05990465408804059
226.0	-0.05902174883399432
227.0	-0.058118550268814656
228.0	-0.057195566144286336
229.0	-0.05625331303443039
230.0	-0.05529231608497917
231.0	-0.05431310875713448
232.0	-0.053316232565741306
233.0	-0.052302236812016
234.0	-0.05127167831096891
235.0	-0.05022512111366901
236.0	-0.049163136224499686
237.0	-0.04808630131356058
238.0	-0.04699520042437366
239.0	-0.045890423677055835
240.0	-0.04477256696712383
241.0	-0.04364223166010162
242.0	-0.04250002428210343
243.0	-0.041346556206568914
244.0	-0.040182443337331696
245.0	-0.039008305788203586
246.0	-0.037824767559261646
247.0	-0.036632456210028363
248.0	-0.035432002529735857
249.0	-0.034224040204871777
250.0	-0.03300920548420246
251.0	-0.03178813684147568
252.0	-0.030561474636005004
253.0	-0.029329860771340373
254.0	-0.02809393835223424
255.0	-0.026854351340109602
256.0	-0.025611744207242736
257.0	-0.02436676158987338
258.0	-0.023120047940455433
259.0	-0.021872247179265017
260.0	-0.020624002345581698
261.0	-0.019375955248661682
262.0	-0.018128746118721225
263.0	-0.016883013258150063
264.0	-0.015639392693175366
265.0	-0.01439851782619634
266.0	-0.013161019089011631
267.0	-0.011927523597159557
268.0	-0.01069865480559259
269.0	-0.009475032165908368
270.0	-0.008257270785356076
271.0	-0.00704598108784015
272.0	-0.005841768477139605
273.0	-0.004645233002563381
274.0	-0.003456969027257192
275.0	-0.002277564899381972
276.0	-0.0011076026263762374
277.0	5.234244748161809e-05
278.0	0.0012017019599984621
279.0	0.0023399148462700334
280.0	0.003466427649951705
281.0	0.00458069483039128
282.0	0.005682179065418463
283.0	0.00677035154958869
284.0	0.00784469228768147
285.0	0.008904690383256666
286.0	0.009949844322073076
287.0	0.010979662250179406
288.0	0.01199366224648761
289.0	0.012991372589645575
290.0	0.013972332019024921
291.0	0.014936089989647901
292.0	0.01588220692087724
293.0	0.01681025443869888
294.0	0.017719815611430743
295.0	0.018610485178693823
296.0	0.019481869773488023
297.0	0.02033358813721724
298.0	0.021165271327514622
299.0	0.02197656291872169
300.0	0.022767119194880604
301.0	0.023536609335104333
302.0	0.024284715591192073
303.0	0.02501113345736451
304.0	0.025715571831997724
305.0	0.02639775317123908
306.0	0.027057413634394928
307.0	0.02769430322098397
308.0	0.028308185899357102
309.0	0.028898839726788368
310.0	0.02946605696094842
311.0	0.03000964416267757
312.0	0.030529422289980478
313.0	0.031025226783170552
314.0	0.03149690764109929
315.0	0.031944329488409175
316.0	0.032367371633757504
317.0	0.032765928118962596
318.0	0.03313990775903065
319.0	0.033489234173027564
320.0	0.033813845805766726
321.0	0.03411369594028843
322.0	0.03438875270111494
323.0	0.03463899904826954
324.0	0.03486443276205524
325.0	0.035065066418595206
326.0	0.03524092735614228
327.0	0.03539205763217221
328.0	0.035518513971281196
329.0	0.03562036770391474
330.0	0.035697704695960376
331.0	0.03575062526924471
332.0	0.03577924411297936
333.0	0.03578369018620871
334.0	0.035764106611316876
335.0	0.035720650558658605
336.0	0.035653493122384576
337.0	0.03556281918753733
338.0	0.035448827288500726
339.0	0.03531172945889159
340.0	0.03515175107298777
341.0	0.034969130678793474
342.0	0.034764119822847765
343.0	0.034536982866888874
344.0	0.03428799679649137
345.0	0.034017451021799934
346.0	0.03372564717048879
347.0	0.0334128988730807
348.0	0.033079531540765796
349.0	0.0327258821358646
350.0	0.032352298935086246
351.0	0.03195914128573592
352.0	0.031546779355033465
353.0	0.031115593872706147
354.0	0.030665975867027663
355.0	0.030198326394475707
356.0	0.029713056263188868
357.0	0.02921058575040512
358.0	0.028691344314070038
359.0	0.02815577029880672
360.0	0.027604310636442288
361.0	0.027037420541292594
362.0	0.026455563200405836
363.0	0.025859209458974984
364.0	0.02524883750112744
365.0	0.024624932526306355
366.0	0.023987986421461313
367.0	0.023338497429266938
368.0	0.022676969812593352
369.0	0.022003913515453964
370.0	0.021319843820657516
371.0	0.020625281004396166
372.0	0.019920749988002136
373.0	0.01920677998710579
374.0	0.018483904158435083
375.0	0.01775265924449093
376.0	0.017013585216341522
377.0	0.016267224914774704
378.0	0.0155141236900521
379.0	0.01475482904050795
380.0	0.013989890250236937
381.0	0.01321985802611657
382.0	0.012445284134408801
383.0	0.011666721037188254
384.0	0.010884721528841217
385.0	0.01009983837288321
386.0	0.009312623939340103
387.0	0.008523629842938175
388.0	0.007733406582348842
389.0	0.006942503180731931
390.0	0.006151466827820464
391.0	0.005360842523790122
392.0	0.0045711727251539535
393.0	0.0037829969929216245
394.0	0.0029968516432632257
395.0	0.002213269400910516
396.0	0.0014327790555343075
397.0	0.0006559051213263995
398.0	-0.00011683249998116051
399.0	-0.0008849188524327205
400.0	-0.00164784425527711
401.0	-0.0024051046282835362
402.0	-0.0031562018127271104
403.0	-0.0039006438878267475
404.0	-0.004637945482422863
405.0	-0.005367628081684499
406.0	-0.006089220328640894
407.0	-0.006802258320332691
408.0	-0.007506285898387064
409.0	-0.008200854933818932
410.0	-0.008885525605870118
411.0	-0.00955986667469813
412.0	-0.010223455747734027
413.0	-0.010875879539530807
414.0	-0.011516734124929694
415.0	-0.012145625185377007
416.0	-0.012762168248226463
417.0	-0.01336598891887139
418.0	-0.013956723105551086
419.0	-0.014534017236685046
420.0	-0.01509752847059232
421.0	-0.015646924897458066
422.0	-0.016181885733416966
423.0	-0.016702101506626335
424.0	-0.017207274235209586
425.0	-0.01769711759695536
426.0	-0.01817135709066344
427.0	-0.01862973018903578
428.0	-0.01907198648301501
429.0	-0.019497887817480974
430.0	-0.01990720841822068
431.0	-0.02029973501009351
432.0	-0.02067526692632052
433.0	-0.02103361620883195
434.0	-0.021374607699614214
435.0	-0.02169807912300399
436.0	-0.02200388115888312
437.0	-0.02229187750673487
438.0	-0.02256194494052849
439.0	-0.02281397335440561
440.0	-0.023047865799148626
441.0	-0.023263538509417585
442.0	-0.02346092092174905
443.0	-0.023639955683316557
444.0	-0.02380059865145918
445.0	-0.02394281888399153
446.0	-0.02406659862031409
447.0	-0.024171933253350944
448.0	-0.024258831292346614
449.0	-0.024327314316562113
450.0	-0.02437741691991512
451.0	-0.02440918664661696
452.0	-0.024422683917864417
453.0	-0.02441798194965186
454.0	-0.02439516666177408
455.0	-0.02435433657809792
456.0	-0.02429560271818606
457.0	-0.024219088480362614
458.0	-0.024124929516316614
459.0	-0.02401327359734495
460.0	-0.023884280472342433
461.0	-0.023738121717653007
462.0	-0.023574980578900548
463.0	-0.02339505180492519
464.0	-0.023198541473954868
465.0	-0.022985666812148364
466.0	-0.022756656004651384
467.0	-0.022511747999311903
468.0	-0.022251192303206543
469.0	-0.02197524877213513
470.0	-0.021684187393244608
471.0	-0.021378288060948956
472.0	-0.021057840346316446
473.0	-0.02072314326009954
474.0	-0.020374505009587814
475.0	-0.020012242749468064
476.0	-0.0196366823268803
477.0	-0.019248158020861623
478.0	-0.018847012276375075
479.0	-0.01843359543312288
480.0	-0.018008265449347666
481.0	-0.017571387620829354
482.0	-0.01712333429528696
483.0	-0.016664484582399525
484.0	-0.016195224059661777
485.0	-0.015715944474294124
486.0	-0.015227043441428249
487.0	-0.014728924138792506
488.0	-0.014221994998123558
489.0	-0.013706669393532761
490.0	-0.013183365327057474
491.0	-0.012652505111629934
492.0	-0.012114515051697068
493.0	-0.011569825121726648
494.0	-0.011018868642836275
495.0	-0.010462081957782688
496.0	-0.009899904104549972
497.0	-0.009332776488775299
498.0	-0.008761142555252864
499.0	-0.008185447458755065
500.0	-0.00760613773441189
501.0	-0.0070236609678886175
502.0	-0.006438465465601541
503.0	-0.00585099992521243
504.0	-0.005261713106639497
505.0	-0.004671053503825101
506.0	-0.004079469017496817
507.0	-0.0034874066291583476
508.0	-0.002895312076546859
509.0	-0.0023036295307891784
510.0	-0.001712801275490727
511.0	-0.0011232673879872199
512.0	-0.000535465422987688
513.0	5.016990116358134e-05
514.0	0.0006332070133824893
515.0	0.0012132177976757294
516.0	0.0017897778976859661
517.0	0.002362467017736989
518.0	0.002930869220162185
519.0	0.003494573218707834
520.0	0.004053172667802078
521.0	0.004606266447485619
522.0	0.005153458943803686
523.0	0.00569436032446118
524.0	0.006228586809548732
525.0	0.006755760937148786
526.0	0.0072755118236376625
527.0	0.007787475418501079
528.0	0.008291294753487173
529.0	0.008786620185923846
530.0	0.009273109636032933
531.0	0.009750428818077589
532.0	0.01021825146518506
533.0	0.010676259547690525
534.0	0.011124143484854403
535.0	0.011561602349809137
536.0	0.011988344067597433
537.0	0.01240408560617012
538.0	0.012808553160214333
539.0	0.013201482327692787
540.0	0.013582618278975401
541.0	0.013951715918454574
542.0	0.014308540038538502
543.0	0.014652865465923651
544.0	0.014984477200053607
545.0	0.015303170543676825
546.0	0.015608751225422832
547.0	0.015901035514320924
548.0	0.016179850326193575
549.0	0.016445033321860873
550.0	0.01669643299710028
551.0	0.0169339087643106
552.0	0.017157331025837094
553.0	0.01736658123891912
554.0	0.01756155197222966
555.0	0.017742146953980943
556.0	0.01790828111157821
557.0	0.018059880602808588
558.0	0.018196882838559258
559.0	0.018319236497065582
560.0	0.01842690152969506
561.0	0.018519849158280952
562.0	0.01859806186402421
563.0	0.018661533367989643
564.0	0.018710268603227827
565.0	0.018744283678561218
566.0	0.018763605834078288
567.0	0.018768273388386224
568.0	0.018758335677678838
569.0	0.018733852986681735
570.0	0.018694896471544
571.0	0.018641548074750006
572.0	0.018573900432132355
573.0	0.01849205677207172
574.0	0.01839613080697556
575.0	0.018286246617133184
576.0	0.01816253852705032
577.0	0.018025150974371545
578.0	0.017874238371505008
579.0	0.017709964960068013
580.0	0.017532504658278627
581.0	0.017342040901422398
582.0	0.017138766475529265
583.0	0.016922883344399245
584.0	0.016694602470122565
585.0	0.01645414362724137
586.0	0.016201735210708283
587.0	0.015937614037798097
588.0	0.015662025144136057
589.0	0.015375221574008276
590.0	0.015077464165124666
591.0	0.014769021328009406
592.0	0.014450168820195966
593.0	0.01412118951540934
594.0	0.01378237316791958
595.0	0.01343401617225617
596.0	0.013076421318474045
597.0	0.012709897543166555
598.0	0.012334759676422327
599.0	0.011951328184927276
600.0	0.011559928911413279
601.0	0.01116089281066024
602.0	0.010754555682258277
603.0	0.010341257900339271
604.0	0.00992134414049108
605.0	0.009495163104065282
606.0	0.009063067240095597
607.0	0.00862541246504207
608.0	0.008182557880579153
609.0	0.007734865489646511
610.0	0.007282699910981565
611.0	0.006826428092355308
612.0	0.006366419022731417
613.0	0.005903043443571072
614.0	0.005436673559503884
615.0	0.004967682748588377
616.0	0.004496445272382455
617.0	0.004023335986046024
618.0	0.003548730048696427
619.0	0.0030730026342376945
620.0	0.0025965286428823718
621.0	0.0021196824135858447
622.0	0.0016428374376103332
623.0	0.0011663660734341419
624.0	0.0006906392632235366
625.0	0.00021602625107752967
626.0	-0.0002571056967396513
627.0	-0.0007283915693713158
628.0	-0.0011974688865360535
629.0	-0.0016639779710867966
630.0	-0.002127562218757595
631.0	-0.002587868364896436
632.0	-0.0030445467479881484
633.0	-0.0034972515697696124
634.0	-0.003945641151747935
635.0	-0.0043893781879302055
636.0	-0.004828129993580288
637.0	-0.005261568749819525
638.0	-0.005689371743893486
639.0	-0.0061112216049274805
640.0	-0.006526806535001895
641.0	-0.0069358205353773975
642.0	-0.007337963627708545
643.0	-0.007732942070084127
644.0	-0.0081204685677415
645.0	-0.008500262478302241
646.0	-0.008872050011383883
647.0	-0.009235564422445358
648.0	-0.00959054620073033
649.0	-0.009936743251174208
650.0	-0.010273911070149822
651.0	-0.010601812914927842
652.0	-0.010920219966734758
653.0	-0.011228911487297585
654.0	-0.0115276749687663
655.0	-0.011816306276914879
656.0	-0.012094609787522139
657.0	-0.012362398515843578
658.0	-0.012619494239087562
659.0	-0.01286572761181747
660.0	-0.013100938274203814
661.0	-0.013324974953059674
662.0	-0.013537695555595152
663.0	-0.013738967255834825
664.0	-0.01392866657364643
665.0	-0.014106679446335204
666.0	-0.014272901292764326
667.0	-0.014427237069967676
668.0	-0.014569601322227175
669.0	-0.014699918222591809
670.0	-0.014818121606823264
671.0	-0.014924154999756882
672.0	-0.01501797163407428
673.0	-0.015099534461488366
674.0	-0.015168816156348762
675.0	-0.015225799111680479
676.0	-0.015270475427674627
677.0	-0.015302846892656617
678.0	-0.015322924956561962
679.0	-0.015330730696956106
680.0	-0.01532629477764064
681.0	-0.015309657399893229
682.0	-0.015280868246395046
683.0	-0.01523998641790434
684.0	-0.015187080362740798
685.0	-0.015122227799150347
686.0	-0.015045515630626113
687.0	-0.01495703985426592
688.0	-0.014856905462252124
689.0	-0.014745226336545235
690.0	-0.014622125136887142
691.0	-0.01448773318221548
692.0	-0.014342190325594773
693.0	-0.014185644822776134
694.0	-0.014018253194500402
695.0	-0.013840180082665696
696.0	-0.013651598100483987
697.0	-0.013452687676756225
698.0	-0.013243636894399885
699.0	-0.013024641323366105
700.0	-0.012795903848089813
701.0	-0.01255763448961731
702.0	-0.012310050222562876
703.0	-0.012053374787046201
704.0	-0.011787838495769906
705.0	-0.01151367803639599
706.0	-0.011231136269387543
707.0	-0.010940462021480546
708.0	-0.010641909874958378
709.0	-0.010335739952901716
710.0	-0.0100222177005894
711.0	-0.009701613663230517
712.0	-0.009374203260207612
713.0	-0.009040266556016672
714.0	-0.008700088028088047
715.0	-0.008353956331677907
716.0	-0.008002164062019848
717.0	-0.00764500751392809
718.0	-0.007282786439046561
719.0	-0.006915803800938406
720.0	-0.006544365528212593
721.0	-0.0061687802658841875
722.0	-0.005789359125167934
723.0	-0.005406415431904173
724.0	-0.005020264473816989
725.0	-0.004631223246804362
726.0	-0.004239610200463373
727.0	-0.0038457449830497344
728.0	-0.003449948186073819
729.0	-0.0030525410887337484
730.0	-0.002653845402387684
731.0	-0.002254183015264524
732.0	-0.0018538757376132084
733.0	-0.0014532450474910887
734.0	-0.0010526118373877771
735.0	-0.0006522961618835516
736.0	-0.00025261698653743594
737.0	0.00014610806179960714
738.0	0.0005435629430534602
739.0	0.0009394334501859866
740.0	0.0013334074534535154
741.0	0.0017251751424783876
742.0	0.0021144292659455236
743.0	0.0025008653687428307
744.0	0.0028841820263614494
745.0	0.0032640810763789746
746.0	0.003640267846847601
747.0	0.004012451381415916
748.0	0.004380344661011639
749.0	0.004743664821918391
750.0	0.0051021333700828056
751.0	0.005455476391489919
752.0	0.005803424758449478
753.0	0.006145714331638248
754.0	0.006482086157749119
755.0	0.006812286662598514
756.0	0.007136067839550066
757.0	0.0074531874331148955
758.0	0.00776340911759436
759.0	0.008066502670632796
760.0	0.008362244141555404
761.0	0.008650416014367956
762.0	0.008930807365300691
763.0	0.009203214014783044
764.0	0.009467438673740487
765.0	0.009723291084110196
766.0	0.009970588153474617
767.0	0.010209154083720159
768.0	0.010438820493630225
769.0	0.010659426535329178
770.0	0.010870819004496145
771.0	0.011072852444275317
772.0	0.011265389242813013
773.0	0.011448299724356951
774.0	0.0116214622338589
775.0	0.011784763215026998
776.0	0.011938097281778992
777.0	0.012081367283053188
778.0	0.012214484360939575
779.0	0.012337368002097834
780.0	0.012449946082435869
781.0	0.012552154905026494
782.0	0.012643939231246131
783.0	0.012725252305124316
784.0	0.012796055870898672
785.0	0.012856320183774693
786.0	0.012906024013895819
787.0	0.012945154643534261
788.0	0.012973707857518241
789.0	0.01299168792691697
790.0	0.012999107586009789
791.0	0.01299598800257129
792.0	0.012982358741509319
793.0	0.012958257721898084
794.0	0.012923731167453632
795.0	0.012878833550504357
796.0	0.012823627529513718
797.0	0.012758183880218068
798.0	0.012682581420446605
799.0	0.012596906928696344
800.0	0.012501255056538705
801.0	0.012395728234940156
802.0	0.012280436574582942
803.0	0.012155497760277913
804.0	0.012021036939564234
805.0	0.011877186605596793
806.0	0.011724086474425683
807.0	0.0115618833567763
808.0	0.01139073102444351
809.0	0.011210790071415993
810.0	0.011022227769852917
811.0	0.010825217921036707
812.0	0.010619940701431591
813.0	0.010406582503978872
814.0	0.010185335774766104
815.0	0.009956398845208426
816.0	0.009719975759885348
817.0	0.009476276100177879
818.0	0.009225514803855634
819.0	0.008967911980765544
820.0	0.008703692724776052
821.0	0.008433086922135288
822.0	0.008156329056401665
823.0	0.007873658010110885
824.0	0.007585316863342199
825.0	0.007291552689351912
826.0	0.006992616347442714
827.0	0.006688762273238821
828.0	0.006380248266540336
829.0	0.00606733527693034
830.0	0.005750287187310639
831.0	0.005429370595542027
832.0	0.005104854594368501
833.0	0.0047770105498039965
834.0	0.0044461118781610335
835.0	0.0041124338219025725
836.0	0.003776253224498867
837.0	0.0034378483044703676
838.0	0.003097498428799062
839.0	0.002755483885890548
840.0	0.0024120856582697733
841.0	0.002067585195191868
842.0	0.0017222641853499433
843.0	0.001376404329862819
844.0	0.0010302871157218596
845.0	0.0006841935898781238
846.0	0.00033840413414983864
847.0	-6.8017588723246446e-06
848.0	-0.0003511457087442939
849.0	-0.0006943506687361064
850.0	-0.0010361411458723786
851.0	-0.001376243419273525
852.0	-0.0017143857566259625
853.0	-0.002050298628611047
854.0	-0.002383714921125591
855.0	-0.0027143701451279845
856.0	-0.0030420026439462776
857.0	-0.003366353797887558
858.0	-0.003687168225989343
859.0	-0.004004193984756701
860.0	-0.004317182763732457
861.0	-0.00462589007774905
862.0	-0.004930075455714651
863.0	-0.005229502625788298
864.0	-0.00552393969680365
865.0	-0.0058131593358018326
866.0	-0.006096938941538977
867.0	-0.00637506081383728
868.0	-0.006647312318651181
869.0	-0.0069134860487243
870.0	-0.007173379979717436
871.0	-0.007426797621690241
872.0	-0.007673548165824144
873.0	-0.007913446626277496
874.0	-0.008146313977068996
875.0	-0.008371977283888499
876.0	-0.008590269830738744
877.0	-0.008801031241316749
878.0	-0.00900410759504701
879.0	-0.009199351537683656
880.0	-0.009386622386402515
881.0	-0.009565786229309786
882.0	-0.0097367160192975
883.0	-0.009899291662181174
884.0	-0.010053400099059527
885.0	-0.010198935382841183
886.0	-0.010335798748887669
887.0	-0.010463898679727107
888.0	-0.010583150963797701
889.0	-0.01069347874818524
890.0	-0.010794812585323058
891.0	-0.01088709047362875
892.0	-0.010970257892056138
893.0	-0.01104426782854602
894.0	-0.011109080802364564
895.0	-0.01116466488032259
896.0	-0.011210995686874179
897.0	-0.011248056408098277
898.0	-0.011275837789571084
899.0	-0.011294338128142723
900.0	-0.011303563257636106
901.0	-0.011303526528490844
902.0	-0.011294248781379999
903.0	-0.011275758314832142
904.0	-0.011248090846895879
905.0	-0.011211289470889101
906.0	-0.011165404605279327
907.0	-0.011110493937746805
908.0	-0.011046622363485789
909.0	-0.010973861917805083
910.0	-0.010892291703092132
911.0	-0.010801997810210483
912.0	-0.01070307323440401
913.0	-0.010595617785786198
914.0	-0.010479737994496396
915.0	-0.010355547010609499
916.0	-0.010223164498889761
917.0	-0.010082716528482851
918.0	-0.009934335457644616
919.0	-0.009778159813608555
920.0	-0.009614334167698501
921.0	-0.009443009005795306
922.0	-0.00926434059427101
923.0	-0.009078490841507168
924.0	-0.00888562715511698
925.0	-0.00868592229499462
926.0	-0.00847955422231801
927.0	-0.008266705944634176
928.0	-0.008047565357159954
929.0	-0.007822325080432756
930.0	-0.007591182294449417
931.0	-0.007354338569433475
932.0	-0.007111999693373734
933.0	-0.006864375496479538
934.0	-0.0066116796727000516
935.0	-0.006354129598457206
936.0	-0.0060919461487441
937.0	-0.005825353510741766
938.0	-0.005554578995110217
939.0	-0.005279852845109961
940.0	-0.00500140804371281
941.0	-0.004719480118860876
942.0	-0.0044343069470352894
943.0	-0.004146128555296624
944.0	-0.0038551869219591367
945.0	-0.0035617257760630606
946.0	-0.003265990395809782
947.0	-0.002968227406124094
948.0	-0.0026686845755091657
949.0	-0.00236761061235993
950.0	-0.00206525496090104
951.0	-0.001761867596914777
952.0	-0.001457698823424516
953.0	-0.0011529990664998807
954.0	-0.0008480186713483012
955.0	-0.0005430076988570552
956.0	-0.0002382157227509734
957.0	6.610837247219593e-05
958.0	0.0003697165926660204
959.0	0.0006723620340582162
960.0	0.0009737990820114228
961.0	0.001273783608363875
962.0	0.001572073167192581
963.0	0.0018684271888426032
964.0	0.002162607172068986
965.0	0.0024543768741384846
966.0	0.0027435024987412498
967.0	0.00302975288156339
968.0	0.0033128996733746453
969.0	0.0035927175204870463
970.0	0.0038689842424427046
971.0	0.004141481006792183
972.0	0.004409992500826137
973.0	0.004674307100126981
974.0	0.004934217033809087
975.0	0.005189518546319914
976.0	0.005440012055676266
977.0	0.00568550230801413
978.0	0.005925798528333012
979.0	0.006160714567319278
980.0	0.006390069044136172
981.0	0.006613685485072078
982.0	0.006831392457941544
983.0	0.007043023702137139
984.0	0.007248418254235444
985.0	0.0074474205690615945
986.0	0.00763988063612317
987.0	0.007825654091326295
988.0	0.008004602323892213
989.0	0.008176592578395658
990.0	0.008341498051850325
991.0	0.008499197985772063
992.0	0.008649577753153267
993.0	0.008792528940286969
994.0	0.008927949423383
995.0	0.009055743439923445
996.0	0.009175821654708182
997.0	0.009288101220546548
998.0	0.009392505833554693
999.0	0.009488965783023818
1000.0	0.009577417995827314
1001.0	0.009657806075341063
1002.0	0.00973008033485441
1003.0	0.00979419782545431
1004.0	0.009850122358369594
1005.0	0.009897824521766864
1006.0	0.00993728169199412
1007.0	0.009968478039272272
1008.0	0.009991404527839969
1009.0	0.01000605891056098
1010.0	0.01001244571800821
1011.0	0.010010576242042764
1012.0	0.010000468513911077
1013.0	0.009982147276887192
1014.0	0.009955643953492136
1015.0	0.009920996607326229
1016.0	0.00987824989955482
1017.0	0.009827455040092099
1018.0	0.009768669733531762
1019.0	0.00970195811987764
1020.0	0.009627390710131661
1021.0	0.009545044316800134
1022.0	0.009455001979383846
1023.0	0.009357352884921507
1024.0	0.009252192283659148
1025.0	0.009139621399923099
1026.0	0.009019747338277038
1027.0	0.00889268298504787
1028.0	0.008758546905308242
1029.0	0.008617463235407664
1030.0	0.008469561571147475
1031.0	0.008314976851697988
1032.0	0.008153849239359651
1033.0	0.007986323995273508
1034.0	0.007812551351189181
1035.0	0.007632686377401365
1036.0	0.007446888846969038
1037.0	0.007255323096334691
1038.0	0.0070581578824630755
1039.0	0.006855566236621592
1040.0	0.006647725314928143
1041.0	0.006434816245792564
1042.0	0.006217023974382412
1043.0	0.005994537104244111
1044.0	0.005767547736214254
1045.0	0.005536251304756419
1046.0	0.005300846411861414
1047.0	0.005061534658650997
1048.0	0.004818520474825786
1049.0	0.004572010946100626
1050.0	0.004322215639771042
1051.0	0.004069346428556917
1052.0	0.003813617312869318
1053.0	0.0035552442416492214
1054.0	0.00329444493192516
1055.0	0.003031438687240954
1056.0	0.0027664462151023033
1057.0	0.0024996894435938884
1058.0	0.002231391337317294
1059.0	0.0019617757128012657
1060.0	0.0016910670535369371
1061.0	0.001419490324787879
1062.0	0.001147270788328376
1063.0	0.0008746338172597582
1064.0	0.0006018047110574972
1065.0	0.0003290085109981318
1066.0	5.6469816117240917e-05
1067.0	-0.00021558740015217587
1068.0	-0.00048693997251288715
1069.0	-0.000757365725360078
1070.0	-0.0010266436532142932
1071.0	-0.0012945540998856976
1072.0	-0.001560878936225632
1073.0	-0.0018254017363216512
1074.0	-0.002087907951995192
1075.0	-0.0023481850854619062
1076.0	-0.002606022860017263
1077.0	-0.0028612133886097083
1078.0	-0.0031135513401685188
1079.0	-0.0033628341035533524
1080.0	-0.003608861948995432
1081.0	-0.003851438186902923
1082.0	-0.004090369323904256
1083.0	-0.004325465216007409
1084.0	-0.0045565392187532664
1085.0	-0.004783408334246719
1086.0	-0.00500589335494919
1087.0	-0.005223819004120922
1088.0	-0.005437014072803518
1089.0	-0.005645311553236057
1090.0	-0.005848548768602385
1091.0	-0.006046567499008067
1092.0	-0.006239214103591514
1093.0	-0.00642633963867442
1094.0	-0.006607799971862642
1095.0	-0.006783455892009516
1096.0	-0.006953173214959254
1097.0	-0.007116822884990066
1098.0	-0.007274281071881883
1099.0	-0.00742542926353552
1100.0	-0.007570154354074933
1101.0	-0.007708348727368273
1102.0	-0.00783991033590608
1103.0	-0.00796474277498028
1104.0	-0.00808275535211014
1105.0	-0.008193863151666963
1106.0	-0.008297987094651408
1107.0	-0.008395053993583186
1108.0	-0.008484996602465527
1109.0	-0.008567753661791706
1110.0	-0.008643269938564912
1111.0	-0.00871149626130632
1112.0	-0.008772389550031248
1113.0	-0.008825912841176762
1114.0	-0.00887203530746836
1115.0	-0.00891073227271771
1116.0	-0.008941985221547624
1117.0	-0.008965781804044226
1118.0	-0.008982115835340752
1119.0	-0.008990987290141568
1120.0	-0.008992402292198876
1121.0	-0.008986373098758924
1122.0	-0.008972918079998563
1123.0	-0.008952061693476903
1124.0	-0.008923834453631206
1125.0	-0.008888272896349724
1126.0	-0.008845419538658614
1127.0	-0.008795322833563652
1128.0	-0.008738037120091607
1129.0	-0.008673622568579805
1130.0	-0.008602145121266475
1131.0	-0.008523676428237828
1132.0	-0.008438293778792176
1133.0	-0.008346080028284459
1134.0	-0.008247123520518117
1135.0	-0.008141518005755667
1136.0	-0.008029362554421713
1137.0	-0.007910761466576155
1138.0	-0.007785824177238445
1139.0	-0.0076546651576476984
1140.0	-0.0075174038125451845
1141.0	-0.007374164373570722
1142.0	-0.007225075788865963
1143.0	-0.00707027160898125
1144.0	-0.006909889869186103
1145.0	-0.006744072968284484
1146.0	-0.0065729675440411185
1147.0	-0.006396724345325433
1148.0	-0.006215498101083531
1149.0	-0.006029447386251339
1150.0	-0.005838734484722843
1151.0	-0.0056435252494910675
1152.0	-0.005443988960081501
1153.0	-0.005240298177398067
1154.0	-0.0050326285961060915
1155.0	-0.004821158894677126
1156.0	-0.004606070583221173
1157.0	-0.004387547849236976
1158.0	-0.004165777401408006
1159.0	-0.003940948311577477
1160.0	-0.003713251855033459
1161.0	-0.0034828813492387843
1162.0	-0.0032500319911404766
1163.0	-0.0030149006931949676
1164.0	-0.0027776859182442265
1165.0	-0.002538587513382565
1166.0	-0.0022978065429506067
1167.0	-0.002055545120795289
1168.0	-0.0018120062419349243
1169.0	-0.0015673936137691582
1170.0	-0.0013219114869722206
1171.0	-0.0010757644862094103
1172.0	-0.0008291574408168484
1173.0	-0.000582295215582226
1174.0	-0.00033538254176730545
1175.0	-8.862384850881868e-05
1176.0	0.00015777690526241005
1177.0	0.0004036163982482035
1178.0	0.0006486921134184509
1179.0	0.0008928025037187772
1180.0	0.0011357471567172012
1181.0	0.0013773269580541832
1182.0	0.0016173442535650823
1183.0	0.0018556030099430116
1184.0	0.0020919089738121468
1185.0	0.0023260698290829412
1186.0	0.0025578953524639553
1187.0	0.002787197567002646
1188.0	0.003013790893534484
1189.0	0.0032374922999169396
1190.0	0.0034581214479304195
1191.0	0.00367550083772832
1192.0	0.0038894559497205977
1193.0	0.004099815383779359
1194.0	0.00430641099565442
1195.0	0.004509078030492509
1196.0	0.004707655253353071
1197.0	0.004901985076619139
1198.0	0.005091913684202631
1199.0	0.005277291152446343
1200.0	0.005457971567628991
1201.0	0.005633813139981296
1202.0	0.005804678314124471
1203.0	0.005970433875845585
1204.0	0.006130951055128438
1205.0	0.00628610562535927
1206.0	0.0064357779986325
1207.0	0.006579853317083756
1208.0	0.006718221540180944
1209.0	0.00685077752790729
1210.0	0.006977421119774651
1211.0	0.007098057209608046
1212.0	0.0072125958160459405
1213.0	0.007320952148705325
1214.0	0.007423046669962909
1215.0	0.007518805152308912
1216.0	0.007608158731232092
1217.0	0.007691043953599856
1218.0	0.007767402821500067
1219.0	0.007837182831515107
1220.0	0.007900337009403029
1221.0	0.007956823940164033
1222.0	0.00800660779347411
1223.0	0.0080496583444724
1224.0	0.00808595098989151
1225.0	0.008115466759524879
1226.0	0.00813819232302865
1227.0	0.008154119992059181
1228.0	0.008163247717751728
1229.0	0.008165579083549021
1230.0	0.008161123293392912
1231.0	0.008149895155295394
1232.0	0.00813191506030969
1233.0	0.00810720895692541
1234.0	0.008075808320915836
1235.0	0.008037750120668794
1236.0	0.007993076778036543
1237.0	0.007941836124743537
1238.0	0.007884081354394567
1239.0	0.007819870970129433
1240.0	0.007749268727973777
1241.0	0.007672343575938941
1242.0	0.007589169588927744
1243.0	0.007499825899505676
1244.0	0.007404396624600883
1245.0	0.007302970788199377
1246.0	0.007195642240105278
1247.0	0.0070825095708385456
1248.0	0.006963676022746329
1249.0	0.006839249397406919
1250.0	0.006709341959407884
1251.0	0.006574070336583188
1252.0	0.006433555416796835
1253.0	0.006287922241363212
1254.0	0.006137299895197205
1255.0	0.005981821393788863
1256.0	0.005821623567101478
1257.0	0.005656846940492559
1258.0	0.005487635612760516
1259.0	0.005314137131422451
1260.0	0.005136502365329029
1261.0	0.004954885374726345
1262.0	0.004769443278875036
1263.0	0.004580336121340025
1264.0	0.004387726733065285
1265.0	0.00419178059334951
1266.0	0.003992665688840796
1267.0	0.003790552370670037
1268.0	0.0035856132098425033
1269.0	0.0033780228510109714
1270.0	0.003167957864751907
1271.0	0.002955596598470401
1272.0	0.0027411190260575964
1273.0	0.002524706596427401
1274.0	0.0023065420810583263
1275.0	0.002086809420669332
1276.0	0.0018656935711554217
1277.0	0.001643380348912921
1278.0	0.0014200562756821059
1279.0	0.0011959084230368786
1280.0	0.0009711242566493358
1281.0	0.0007458914804591903
1282.0	0.0005203978808757245
1283.0	0.0002948311711427503
1284.0	6.937883599262857e-05
1285.0	-0.00015577202328106174
1286.0	-0.000380434843205804
1287.0	-0.0006044237518396451
1288.0	-0.0008275537216833612
1289.0	-0.0010496407216683888
1290.0	-0.0012705018680980327
1291.0	-0.0014899555744170903
1292.0	-0.001707821699689212
1293.0	-0.0019239216956603291
1294.0	-0.002138078752288867
1295.0	-0.0023501179416252614
1296.0	-0.0025598663599226894
1297.0	-0.0027671532678661915
1298.0	-0.0029718102288053628
1299.0	-0.0031736712448801633
1300.0	-0.003372572890929401
1301.0	-0.0035683544460759845
1302.0	-0.003760858022880978
1303.0	-0.003949928693966408
1304.0	-0.00413541461600253
1305.0	-0.004317167150963371
1306.0	-0.004495040984552176
1307.0	-0.0046688942417046925
1308.0	-0.00483858859907781
1309.0	-0.005003989394434489
1310.0	-0.005164965732840603
1311.0	-0.005321390589588445
1312.0	-0.0054731409097679
1313.0	-0.005620097704406994
1314.0	-0.005762146143107264
1315.0	-0.005899175643101974
1316.0	-0.006031079954670093
1317.0	-0.006157757242837926
1318.0	-0.00627911016530857
1319.0	-0.0063950459465587015
1320.0	-0.00650547644804692
1321.0	-0.006610318234481777
1322.0	-0.006709492636098975
1323.0	-0.006802925806903201
1324.0	-0.006890548778831093
1325.0	-0.006972297511796638
1326.0	-0.007048112939583394
1327.0	-0.007117941011551304
1328.0	-0.007181732730129453
1329.0	-0.007239444184069601
1330.0	-0.007291036577439242
1331.0	-0.007336476254335514
1332.0	-0.00737573471930623
1333.0	-0.007408788653466435
1334.0	-0.0074356199263037395
1335.0	-0.007456215603168253
1336.0	-0.007470567948447117
1337.0	-0.007478674424427008
1338.0	-0.007480537685851495
1339.0	-0.007476165570183764
1340.0	-0.007465571083588822
1341.0	-0.007448772382652512
1342.0	-0.0074257927518586045
1343.0	-0.00739666057684839
1344.0	-0.007361409313490748
1345.0	-0.007320077452794085
1346.0	-0.0072727084816950095
1347.0	-0.007219350839761861
1348.0	-0.007160057871854524
1349.0	-0.007094887776785363
1350.0	-0.007023903552029503
1351.0	-0.0069471729345351625
1352.0	-0.006864768337688868
1353.0	-0.006776766784493133
1354.0	-0.006683249837016425
1355.0	-0.006584303522180041
1356.0	-0.006480018253947416
1357.0	-0.006370488751985637
1358.0	-0.00625581395687161
1359.0	-0.006136096941917485
1360.0	-0.006011444821692809
1361.0	-0.00588196865732457
1362.0	-0.005747783358656851
1363.0	-0.005609007583356314
1364.0	-0.005465763633050939
1365.0	-0.005318177346591749
1366.0	-0.005166377990530647
1367.0	-0.005010498146908367
1368.0	-0.004850673598448622
1369.0	-0.004687043211258885
1370.0	-0.004519748815136207
1371.0	-0.004348935081581837
1372.0	-0.0041747493996287235
1373.0	-0.0039973417495872635
1374.0	-0.003816864574816686
1375.0	-0.003633472651632213
1376.0	-0.003447322957456521
1377.0	-0.0032585745373283773
1378.0	-0.0030673883688810584
1379.0	-0.0028739272259040295
1380.0	-0.0026783555406037864
1381.0	-0.0024808392646788286
1382.0	-0.0022815457293256375
1383.0	-0.0020806435042942835
1384.0	-0.0018783022561099838
1385.0	-0.0016746926055804649
1386.0	-0.0014699859847079344
1387.0	-0.00126435449312471
1388.0	-0.0010579707541727027
1389.0	-0.000851007770746305
1390.0	-0.0006436387810179368
1391.0	-0.00043603711416721725
1392.0	-0.00022837604623218352
1393.0	-2.0828656202278358e-05
1394.0	0.00018643231752708643
1395.0	0.0003932346202215187
1396.0	0.000599406623277055
1397.0	0.0008047774659741339
1398.0	0.0010091771964015647
1399.0	0.001212436911432492
1400.0	0.0014143888956391077
1401.0	0.0016148667590320527
1402.0	0.0018137055735107412
1403.0	0.002010742007914757
1404.0	0.0022058144615657188
1405.0	0.0023987631961898044
1406.0	0.002589430466115196
1407.0	0.0027776606466380187
1408.0	0.0029633003604525774
1409.0	0.0031461986020441183
1410.0	0.0033262068599431826
1411.0	0.0035031792367432187
1412.0	0.0036769725667853133
1413.0	0.00384744653141424
1414.0	0.004014463771714799
1415.0	0.004177889998637902
1416.0	0.004337594100427527
1417.0	0.004493448247264554
1418.0	0.004645327993043401
1419.0	0.004793112374200711
1420.0	0.004936684005518462
1421.0	0.005075929172826097
1422.0	0.0052107379225280965
1423.0	0.005341004147887696
1424.0	0.005466625671998918
1425.0	0.005587504327382813
1426.0	0.0057035460321461
1427.0	0.005814660862643334
1428.0	0.005920763122587443
1429.0	0.0060217714085553055
1430.0	0.0061176086718393126
1431.0	0.006208202276597975
1432.0	0.0062934840542624715
1433.0	0.006373390354158486
1434.0	0.006447862090306909
1435.0	0.006516844784368763
1436.0	0.006580288604704515
1437.0	0.006638148401520023
1438.0	0.0066903837380749434
1439.0	0.006736958917933318
1440.0	0.006777843008238477
1441.0	0.0068130098589981175
1442.0	0.00684243811836914
1443.0	0.006866111243934321
1444.0	0.006884017509966898
1445.0	0.00689615001068237
1446.0	0.006902506659479696
1447.0	0.006903090184178075
1448.0	0.006897908118258335
1449.0	0.006886972788121301
1450.0	0.0068703012963790625
1451.0	0.006847915501198041
1452.0	0.006819841991716185
1453.0	0.006786112059559802
1454.0	0.006746761666488617
1455.0	0.006701831408201233
1456.0	0.006651366474335502
1457.0	0.006595416604702622
1458.0	0.006534036041795556
1459.0	0.006467283479616335
1460.0	0.00639522200886959
1461.0	0.006317919058572239
1462.0	0.006235446334132533
1463.0	0.006147879751954763
1464.0	0.006055299370627998
1465.0	0.005957789318760395
1466.0	0.005855437719523952
1467.0	0.00574833661197576
1468.0	0.005636581869225954
1469.0	0.005520273113524093
1470.0	0.005399513628338281
1471.0	0.005274410267504489
1472.0	0.005145073361524702
1473.0	0.005011616621095781
1474.0	0.004874157037952628
1475.0	0.0047328147831115185
1476.0	0.0045877131026011275
1477.0	0.004438978210772094
1478.0	0.004286739181275371
1479.0	0.004131127835804382
1480.0	0.003972278630695438
1481.0	0.0038103285414832033
1482.0	0.0036454169455111926
1483.0	0.0034776855026951714
1484.0	0.003307278034542579
1485.0	0.003134340401530344
1486.0	0.0029590203789446354
1487.0	0.0027814675312880436
1488.0	0.002601833085360569
1489.0	0.0024202698021212107
1490.0	0.0022369318474385474
1491.0	0.002051974661839027
1492.0	0.0018655548293619929
1493.0	0.0016778299456329292
1494.0	0.0014889584852641928
1495.0	0.0012990996686946567
1496.0	0.0011084133285807765
1497.0	0.0009170597758489566
1498.0	0.0007251996655220944
1499.0	0.0005329938624325274
1500.0	0.0003406033069314941
1501.0	0.00014818888070901141
1502.0	-4.4088727166477655e-05
1503.0	-0.00023606915387612668
1504.0	-0.00042759249603627637
1505.0	-0.0006184994423315426
1506.0	-0.000808631405485665
1507.0	-0.0009978306534607795
1508.0	-0.0011859404397775218
1509.0	-0.0013728051328491964
1510.0	-0.001558270344221641
1511.0	-0.0017421830556162649
1512.0	-0.0019243917446697607
1513.0	-0.002104746509268995
1514.0	-0.0022830991903788848
1515.0	-0.0024593034932628515
1516.0	-0.002633215106997214
1517.0	-0.002804691822182461
1518.0	-0.002973593646755329
1519.0	-0.003139782919807919
1520.0	-0.00330312442332187
1521.0	-0.0034634854917264825
1522.0	-0.0036207361191937485
1523.0	-0.0037747490645819574
1524.0	-0.00392539995394535
1525.0	-0.004072567380526552
1526.0	-0.004216133002151466
1527.0	-0.004355981635949897
1528.0	-0.004492001350325609
1529.0	-0.004624083554102403
1530.0	-0.004752123082776649
1531.0	-0.004876018281807271
1532.0	-0.00499567108687744
1533.0	-0.005110987101065758
1534.0	-0.005221875668865388
1535.0	-0.005328249946994627
1536.0	-0.005430026971943194
1537.0	-0.005527127724201903
1538.0	-0.005619477189127176
1539.0	-0.005707004414393247
1540.0	-0.005789642563988412
1541.0	-0.005867328968715082
1542.0	-0.005940005173155723
1543.0	-0.006007616979069427
1544.0	-0.006070114485188448
1545.0	-0.006127452123384924
1546.0	-0.0061795886911827965
1547.0	-0.006226487380592173
1548.0	-0.006268115803246464
1549.0	-0.0063044460118262275
1550.0	-0.006335454517756158
1551.0	-0.006361122305165139
1552.0	-0.006381434841102378
1553.0	-0.006396382082005608
1554.0	-0.006405958476420544
1555.0	-0.0064101629639740035
1556.0	-0.006408998970605955
1557.0	-0.006402474400069207
1558.0	-0.0063906016217082145
1559.0	-0.006373397454531836
1560.0	-0.006350883147597668
1561.0	-0.006323084356728878
1562.0	-0.006290031117587389
1563.0	-0.006251757815130234
1564.0	-0.006208303149478786
1565.0	-0.006159710098233932
1566.0	-0.00610602587527252
1567.0	-0.006047301886063991
1568.0	-0.005983593679548384
1569.0	-0.005914960896619886
1570.0	-0.005841467215263527
1571.0	-0.005763180292393755
1572.0	-0.005680171702448211
1573.0	-0.005592516872791397
1574.0	-0.005500295015985828
1575.0	-0.005403589058990818
1576.0	-0.00530248556935211
1577.0	-0.005197074678446474
1578.0	-0.005087450001849901
1579.0	-0.004973708556898045
1580.0	-0.004855950677511784
1581.0	-0.004734279926361992
1582.0	-0.0046088030044493895
1583.0	-0.004479629658178483
1584.0	-0.004346872584005866
1585.0	-0.004210647330744887
1586.0	-0.004071072199611167
1587.0	-0.00392826814209532
1588.0	-0.003782358655749376
1589.0	-0.003633469677977622
1590.0	-0.0034817294779219852
1591.0	-0.0033272685465340498
1592.0	-0.00317021948492837
1593.0	-0.0030107168911111797
1594.0	-0.002848897245181372
1595.0	-0.0026848987931011124
1596.0	-0.0025188614291349
1597.0	-0.002350926577055522
1598.0	-0.0021812370702191733
1599.0	-0.0020099370306091028
1600.0	-0.001837171746951432
1601.0	-0.0016630875520046496
1602.0	-0.0014878316991262614
1603.0	-0.0013115522382213135
1604.0	-0.001134397891175221
1605.0	-0.0009565179268766397
1606.0	-0.0007780620359344658
1607.0	-0.0005991802051938856
1608.0	-0.00042002259215606717
1609.0	-0.00024073939940671518
1610.0	-6.148074915762947e-05
1611.0	0.00011760344199383084
1612.0	0.00029636358798372584
1613.0	0.0004746505577750632
1614.0	0.0006523157993219191
1615.0	0.0008292114629028595
1616.0	0.0010051905237205777
1617.0	0.0011801069036660537
1618.0	0.0013538155921480996
1619.0	0.0015261727658876661
1620.0	0.0016970359075780788
1621.0	0.0018662639233149483
1622.0	0.0020337172586969133
1623.0	0.00219925801350532
1624.0	0.0023627500548656197
1625.0	0.002524059128799863
1626.0	0.0026830529700787534
1627.0	0.0028396014102836224
1628.0	0.0029935764839899275
1629.0	0.003144852532986833
1630.0	0.0032933063084474466
1631.0	0.003438817070967027
1632.0	0.003581266688389216
1633.0	0.0037205397313396504
1634.0	0.003856523566391396
1635.0	0.003989108446786894
1636.0	0.0041181876006428164
1637.0	0.004243657316568582
1638.0	0.0043654170266291936
1639.0	0.004483369386586444
1640.0	0.004597420353354935
1641.0	0.004707479259611781
1642.0	0.004813458885500246
1643.0	0.004915275527372033
1644.0	0.005012849063513164
1645.0	0.005106103016803148
1646.0	0.00519496461425822
1647.0	0.00527936484341247
1648.0	0.005359238505493977
1649.0	0.005434524265354946
1650.0	0.00550516469811803
1651.0	0.005571106332503786
1652.0	0.005632299690807037
1653.0	0.005688699325492398
1654.0	0.005740263852382667
1655.0	0.0057869559804161344
1656.0	0.005828742537951893
1657.0	0.00586559449560552
1658.0	0.005897486985599566
1659.0	0.005924399317617241
1660.0	0.0059463149911497286
1661.0	0.005963221704331019
1662.0	0.005975111359256932
1663.0	0.005981980063787886
1664.0	0.005983828129837917
1665.0	0.005980660068155579
1666.0	0.005972484579604876
1667.0	0.005959314542957673
1668.0	0.005941166999211682
1669.0	0.005918063132451182
1670.0	0.005890028247270296
1671.0	0.005857091742781654
1672.0	0.005819287083236036
1673.0	0.005776651765281352
1674.0	0.005729227281892123
1675.0	0.005677059083003498
1676.0	0.00562019653288605
1677.0	0.0055586928643011155
1678.0	0.005492605129478338
1679.0	0.005421994147959786
1680.0	0.005346924451358225
1681.0	0.005267464225078665
1682.0	0.005183685247055387
1683.0	0.005095662823559378
1684.0	0.005003475722132528
1685.0	0.004907206101707893
1686.0	0.004806939439978085
1687.0	0.004702764458074847
1688.0	0.004594773042626061
1689.0	0.0044830601652582555
1690.0	0.004367723799614531
1691.0	0.004248864835960109
1692.0	0.004126586993449545
1693.0	0.004000996730130988
1694.0	0.003872203150766169
1695.0	0.0037403179125445447
1696.0	0.0036054551287729
1697.0	0.003467731270623934
1698.0	0.0033272650670266445
1699.0	0.0031841774027851315
1700.0	0.0030385912150128255
1701.0	0.002890631387970003
1702.0	0.0027404246463946114
1703.0	0.00258809944741689
1704.0	0.00243378587114985
1705.0	0.0022776155100483423
1706.0	0.0021197213571303056
1707.0	0.0019602376931548743
1708.0	0.001799299972853162
1709.0	0.001637044710306806
1710.0	0.0014736093635720796
1711.0	0.001309132218645793
1712.0	0.0011437522728709498
1713.0	0.0009776091178805761
1714.0	0.0008108428221772275
1715.0	0.0006435938134467718
1716.0	0.0004760027607060097
1717.0	0.00030821045638113173
1718.0	0.00014035769841656218
1719.0	-2.74148274870959e-05
1720.0	-0.000194966665409082
1721.0	-0.00036215770641939856
1722.0	-0.0005288483053672651
1723.0	-0.0006948993971510844
1724.0	-0.0008601726123715717
1725.0	-0.0010245303922740163
1726.0	-0.0011878361028834167
1727.0	-0.0013499541482380143
1728.0	-0.0015107500826280584
1729.0	-0.0016700907217476054
1730.0	-0.001827844252666035
1731.0	-0.001983880342530781
1732.0	-0.0021380702459107503
1733.0	-0.002290286910692138
1734.0	-0.0024404050824406833
1735.0	-0.002588301407144052
1736.0	-0.002733854532250238
1737.0	-0.0028769452059210906
1738.0	-0.003017456374417235
1739.0	-0.0031552732775377234
1740.0	-0.0032902835420355117
1741.0	-0.0034223772729329626
1742.0	-0.003551447142663927
1743.0	-0.003677388477970228
1744.0	-0.0038000993444816623
1745.0	-0.003919480628912647
1746.0	-0.004035436118808505
1747.0	-0.004147872579777845
1748.0	-0.004256699830149316
1749.0	-0.0043618308129929175
1750.0	-0.004463181665448798
1751.0	-0.004560671785308748
1752.0	-0.004654223894797219
1753.0	-0.0047437641015022364
1754.0	-0.004829221956408059
1755.0	-0.004910530508984384
1756.0	-0.004987626359289401
1757.0	-0.005060449707046001
1758.0	-0.005128944397654048
1759.0	-0.005193057965103234
1760.0	-0.005252741671753971
1761.0	-0.005307950544956773
1762.0	-0.005358643410482932
1763.0	-0.005404782922741588
1764.0	-0.0054463355917622296
1765.0	-0.005483271806922877
1766.0	-0.005515565857407991
1767.0	-0.005543195949382617
1768.0	-0.005566144219871744
1769.0	-0.005584396747337159
1770.0	-0.005597943558946235
1771.0	-0.005606778634530407
1772.0	-0.005610899907233496
1773.0	-0.005610309260852998
1774.0	-0.005605012523880027
1775.0	-0.005595019460246675
1776.0	-0.005580343756791767
1777.0	-0.005561003007459475
1778.0	-0.005537018694247053
1779.0	-0.0055084161649215195
1780.0	-0.005475224607527191
1781.0	-0.005437477021708866
1782.0	-0.005395210186878158
1783.0	-0.005348464627252888
1784.0	-0.005297284573802142
1785.0	-0.005241717923132275
1786.0	-0.005181816193351304
1787.0	-0.005117634476951938
1788.0	-0.005049231390756016
1789.0	-0.004976669022964903
1790.0	-0.004900012877363839
1791.0	-0.004819331814729337
1792.0	-0.004734697991491945
1793.0	-0.004646186795708696
1794.0	-0.004553876780401325
1795.0	-0.004457849594318854
1796.0	-0.004358189910185797
1797.0	-0.004254985350497648
1798.0	-0.004148326410929134
1799.0	-0.004038306381421527
1800.0	-0.003925021265017287
1801.0	-0.003808569694512861
1802.0	-0.0036890528470010153
1803.0	-0.0035665743563765627
1804.0	-0.0034412402238814806
1805.0	-0.0033131587267652687
1806.0	-0.0031824403251394353
1807.0	-0.0030491975671064157
1808.0	-0.0029135449922429806
1809.0	-0.0027755990335213265
1810.0	-0.002635477917751943
1811.0	-0.002493301564631691
1812.0	-0.002349191484484507
1813.0	-0.0022032706747806166
1814.0	-0.0020556635155224105
1815.0	-0.0019064956635858163
1816.0	-0.0017558939461068813
1817.0	-0.001603986253002138
1818.0	-0.0014509014287163635
1819.0	-0.0012967691632863832
1820.0	-0.0011417198828141402
1821.0	-0.000985884639441333
1822.0	-0.0008293950009170569
1823.0	-0.0006723829398528989
1824.0	-0.0005149807227569712
1825.0	-0.0003573207989402657
1826.0	-0.00019953568938931254
1827.0	-4.175787569685917e-05
1828.0	0.00011588031085596178
1829.0	0.0002732467999732961
1830.0	0.00043020989268183923
1831.0	0.0005866383712402475
1832.0	0.0007424016085282387
1833.0	0.0008973696768254105
1834.0	0.0010514134558888243
1835.0	0.0012044047402398122
1836.0	0.0013562163455715364
1837.0	0.0015067222141880645
1838.0	0.0016557975193892504
1839.0	0.0018033187687142972
1840.0	0.0019491639059587352
1841.0	0.002093212411881401
1842.0	0.0022353454035179887
1843.0	0.0023754457320198964
1844.0	0.0025133980789377518
1845.0	0.0026490890508708473
1846.0	0.0027824072724051533
1847.0	0.0029132434772638186
1848.0	0.0030414905975954245
1849.0	0.003167043851328021
1850.0	0.0032898008275170972
1851.0	0.003409661569618395
1852.0	0.003526528656618548
1853.0	0.003640307281957224
1854.0	0.0037509053301771752
1855.0	0.0038582334512409005
1856.0	0.0039622051324535576
1857.0	0.004062736767934686
1858.0	0.004159747725583433
1859.0	0.004253160411483226
1860.0	0.004342900331695188
1861.0	0.0044288961513912935
1862.0	0.004511079751279967
1863.0	0.00458938628128048
1864.0	0.00466375421140353
1865.0	0.004734125379798477
1866.0	0.004800445037930174
1867.0	0.004862661892850126
1868.0	0.004920728146529931
1869.0	0.00497459953222725
1870.0	0.00502423534785629
1871.0	0.005069598486338729
1872.0	0.005110655462912377
1873.0	0.005147376439377875
1874.0	0.005179735245266394
1875.0	0.005207709395913783
1876.0	0.005231280107429157
1877.0	0.005250432308548594
1878.0	0.0052651546493673405
1879.0	0.005275439506946259
1880.0	0.005281282987791163
1881.0	0.005282684927206116
1882.0	0.00527964888552442
1883.0	0.0052721821412237534
1884.0	0.005260295680934281
1885.0	0.00524400418635141
1886.0	0.005223326018067196
1887.0	0.005198283196337165
1888.0	0.005168901378801815
1889.0	0.005135209835184422
1890.0	0.005097241418989615
1891.0	0.0050550325362292495
1892.0	0.005008623111205049
1893.0	0.00495805654937943
1894.0	0.004903379697368608
1895.0	0.004844642800094711
1896.0	0.004781899455135113
1897.0	0.004715206564310428
1898.0	0.004644624282554705
1899.0	0.004570215964112693
1900.0	0.004492048106112746
1901.0	0.004410190289564694
1902.0	0.004324715117834776
1903.0	0.004235698152652317
1904.0	0.00414321784770315
1905.0	0.004047355479868701
1906.0	0.003948195078170494
1907.0	0.003845823350481654
1908.0	0.003740329608069152
1909.0	0.0036318056880323612
1910.0	0.0035203458737047017
1911.0	0.0034060468130872744
1912.0	0.00328900743538479
1913.0	0.003169328865715094
1914.0	0.0030471143380666104
1915.0	0.0029224691065772275
1916.0	0.0027955003552110553
1917.0	0.0026663171059108605
1918.0	0.0025350301253035334
1919.0	0.0024017518300388785
1920.0	0.0022665961908424816
1921.0	0.002129678635363719
1922.0	0.001991115949901967
1923.0	0.0018510261800941262
1924.0	0.0017095285306479293
1925.0	0.0015667432642058382
1926.0	0.0014227915994249889
1927.0	0.0012777956083593253
1928.0	0.001131878113231015
1929.0	0.0009851625826775067
1930.0	0.000837773027561998
1931.0	0.0006898338964353098
1932.0	0.0005414699707364272
1933.0	0.0003928062598200625
1934.0	0.0002439678958996876
1935.0	9.508002899323581e-05
1936.0	-5.373227803967564e-05
1937.0	-0.00020234415428153668
1938.0	-0.000350631025274578
1939.0	-0.0004984687171838862
1940.0	-0.0006457335605205099
1941.0	-0.0007923024933370535
1942.0	-0.000938053163810019
1943.0	-0.0010828640321242336
1944.0	-0.0012266144715739032
1945.0	-0.0013691848687967358
1946.0	-0.0015104567230584344
1947.0	-0.0016503127445042856
1948.0	-0.0017886369512979292
1949.0	-0.001925314765565975
1950.0	-0.0020602331080696915
1951.0	-0.002193280491525641
1952.0	-0.0023243471124988124
1953.0	-0.0024533249417918977
1954.0	-0.0025801078132572917
1955.0	-0.002704591510958647
1956.0	-0.002826673854610102
1957.0	-0.0029462547832247313
1958.0	-0.003063236436901913
1959.0	-0.0031775232366887812
1960.0	-0.0032890219624497714
1961.0	-0.003397641828681026
1962.0	-0.0035032945582085767
1963.0	-0.003605894453710524
1964.0	-0.0037053584670049275
1965.0	-0.003801606266048323
1966.0	-0.003894560299590744
1967.0	-0.003984145859434893
1968.0	-0.004070291140250447
1969.0	-0.004152927296895079
1970.0	-0.0042319884991972555
1971.0	-0.004307411984156857
1972.0	-0.004379138105522694
1973.0	-0.0044471103807080265
1974.0	-0.004511275535007188
1975.0	-0.004571583543079049
1976.0	-0.004627987667665119
1977.0	-0.004680444495512869
1978.0	-0.004728913970476301
1979.0	-0.004773359423769539
1980.0	-0.004813747601350287
1981.0	-0.004850048688413333
1982.0	-0.004882236330976344
1983.0	-0.00491028765454247
1984.0	-0.0049341832798274685
1985.0	-0.004953907335540519
1986.0	-0.0049694474682112095
1987.0	-0.004980794849057216
1988.0	-0.004987944177889878
1989.0	-0.004990893684057208
1990.0	-0.004989645124426486
1991.0	-0.004984203778410988
1992.0	-0.004974578440047898
1993.0	-0.004960781407136925
1994.0	-0.0049428284674515625
1995.0	-0.004920738882037415
1996.0	-0.004894535365614345
1997.0	-0.0048642440641018456
1998.0	-0.004829894529289087
1999.0	-0.004791519690673671
2000.0	-0.004749155824495605
2001.0	-0.004702842519994874
2002.0	-0.004652622642923903
2003.0	-0.004598542296347849
2004.0	-0.004540650778768442
2005.0	-0.0044790005396089655
2006.0	-0.004413647132100163
2007.0	-0.0043446491636091765
2008.0	-0.0042720682434556415
2009.0	-0.004195968928261069
2010.0	-0.004116418664879395
2011.0	-0.004033487730959698
2012.0	-0.0039472491731921055
2013.0	-0.0038577787432917962
2014.0	-0.0037651548317764066
2015.0	-0.0036694583995945866
2016.0	-0.0035707729076652752
2017.0	-0.0034691842443886154
2018.0	-0.0033647806511910958
2019.0	-0.0032576526461694988
2020.0	-0.0031478929458993166
2021.0	-0.003035596385474884
2022.0	-0.0029208598368503126
2023.0	-0.0028037821255505885
2024.0	-0.002684463945825274
2025.0	-0.0025630077743163627
2026.0	-0.002439517782314616
2027.0	-0.002314099746679631
2028.0	-0.0021868609594986564
2029.0	-0.0020579101365619484
2030.0	-0.0019273573247322066
2031.0	-0.0017953138082868923
2032.0	-0.0016618920143125528
2033.0	-0.0015272054172321464
2034.0	-0.0013913684425452145
2035.0	-0.0012544963698636143
2036.0	-0.0011167052353234061
2037.0	-0.0009781117334561715
2038.0	-0.0008388331186028298
2039.0	-0.0006989871059519769
2040.0	-0.0005586917722868365
2041.0	-0.0004180654565244365
2042.0	-0.00027722666013007055
2043.0	-0.00013629394749068888
2044.0	4.614153668110307e-06
2045.0	0.00014537925174009573
2046.0	0.0002858831904859417
2047.0	0.00042600814798881355
2048.0	0.0005656367352347525
2049.0	0.000704652094235226
2050.0	0.0008429379956108281
2051.0	0.000980378935553994
2052.0	0.0011168602320904167
2053.0	0.0012522681205590154
2054.0	0.0013864898482315174
2055.0	0.0015194137679920693
2056.0	0.0016509294310007275
2057.0	0.0017809276782624055
2058.0	0.0019093007310270322
2059.0	0.002035942279945382
2060.0	0.0021607475729069478
2061.0	0.002283613501487787
2062.0	0.0024044386859373083
2063.0	0.002523123558633205
2064.0	0.0026395704459371864
2065.0	0.0027536836483834175
2066.0	0.002865369519134385
2067.0	0.0029745365406402303
2068.0	0.0030810953994383173
2069.0	0.0031849590590327095
2070.0	0.0032860428307939296
2071.0	0.0033842644428212216
2072.0	0.0034795441067118826
2073.0	0.0035718045821834135
2074.0	0.0036609712394960908
2075.0	0.003746972119626099
2076.0	0.0038297379921406883
2077.0	0.003909202410728556
2078.0	0.0039853017663419275
2079.0	0.004057975337907034
2080.0	0.004127165340563583
2081.0	0.004192816971394493
2082.0	0.004254878452610008
2083.0	0.004313301072152519
2084.0	0.0043680392216903985
2085.0	0.004419050431971056
2086.0	0.004466295405506597
2087.0	0.004509738046566779
2088.0	0.004549345488456544
2089.0	0.004585088118058207
2090.0	0.004616939597619739
2091.0	0.0046448768837737565
2092.0	0.004668880243773801
2093.0	0.004688933268936715
2094.0	0.004705022885282663
2095.0	0.004717139361366241
2096.0	0.004725276313294901
2097.0	0.004729430706932951
2098.0	0.004729602857292023
2099.0	0.00472579642511097
2100.0	0.0047180184106308184
2101.0	0.004706279144572485
2102.0	0.004690592276327491
2103.0	0.004670974759374057
2104.0	0.004647446833933539
2105.0	0.004620032006884172
2106.0	0.004588757028951486
2107.0	0.004553651869197219
2108.0	0.004514749686830431
2109.0	0.004472086800367028
2110.0	0.004425702654166048
2111.0	0.0043756397823730975
2112.0	0.004321943770303733
2113.0	0.004264663213301333
2114.0	0.004203849673106538
2115.0	0.004139557631776961
2116.0	0.004071844443198232
2117.0	0.0040007702822290325
2118.0	0.003926398091525476
2119.0	0.003848793526090924
2120.0	0.0037680248956002286
2121.0	0.0036841631045490134
2122.0	0.003597281590279479
2123.0	0.00350745625893797
2124.0	0.00341476541941817
2125.0	0.0033192897153488943
2126.0	0.003221112055184387
2127.0	0.0031203175404576995
2128.0	0.00301699339225901
2129.0	0.002911228876002569
2130.0	0.0028031152245462858
2131.0	0.0026927455597305873
2132.0	0.002580214812403745
2133.0	0.002465619641001476
2134.0	0.002349058348751646
2135.0	0.0022306307995737834
2136.0	0.0021104383327454498
2137.0	0.0019885836764087996
2138.0	0.0018651708599899829
2139.0	0.0017403051256064514
2140.0	0.0016140928385375715
2141.0	0.001486641396834221
2142.0	0.001358059140143727
2143.0	0.0012284552578284498
2144.0	0.001097939696454225
2145.0	0.0009666230667285502
2146.0	0.0008346165499656345
2147.0	0.000702031804158025
2148.0	0.00056898086973408
2149.0	0.000435576075080331
2150.0	0.00030192994190786495
2151.0	0.00016815509054370295
2152.0	3.436414522502414e-05
2153.0	-9.933036052333157e-05
2154.0	-0.00023281607834859687
2155.0	-0.0003659809392887216
2156.0	-0.0004987132476702381
2157.0	-0.0006309017746072068
2158.0	-0.0007624358510232564
2159.0	-0.0008932054601187714
2160.0	-0.001023101329206254
2161.0	-0.0011520150208375046
2162.0	-0.0012798390231462957
2163.0	-0.0014064668393319825
2164.0	-0.0015317930762096248
2165.0	-0.0016557135317523436
2166.0	-0.0017781252815547805
2167.0	-0.0018989267641444686
2168.0	-0.002018017865071953
2169.0	-0.0021352999997091963
2170.0	-0.0022506761946882964
2171.0	-0.0023640511679132964
2172.0	-0.0024753314070795184
2173.0	-0.002584425246635197
2174.0	-0.0026912429431228788
2175.0	-0.002795696748838492
2176.0	-0.00289770098374745
2177.0	-0.0029971721055997384
2178.0	-0.0030940287781861813
2179.0	-0.003188191937679998
2180.0	-0.0032795848570106277
2181.0	-0.0033681332082164984
2182.0	-0.0034537651227268536
2183.0	-0.0035364112495238284
2184.0	-0.0036160048111372823
2185.0	-0.003692481657428054
2186.0	-0.003765780317116209
2187.0	-0.0038358420470125873
2188.0	-0.0039026108789150422
2189.0	-0.003966033664131714
2190.0	-0.004026060115596014
2191.0	-0.004082642847540347
2192.0	-0.00413573741269721
2193.0	-0.0041853023369987806
2194.0	-0.004231299151748108
2195.0	-0.004273692423236912
2196.0	-0.004312449779787633
2197.0	-0.004347541936199313
2198.0	-0.004378942715578802
2199.0	-0.004406629068541672
2200.0	-0.004430581089768795
2201.0	-0.004450782031907004
2202.0	-0.004467218316804775
2203.0	-0.0044798795440755025
2204.0	-0.004488758496983873
2205.0	-0.00449385114565253
2206.0	-0.00449515664758879
2207.0	-0.004492677345533401
2208.0	-0.00448641876263537
2209.0	-0.004476389594959417
2210.0	-0.0044626017013345955
2211.0	-0.004445070090555018
2212.0	-0.004423812905945742
2213.0	-0.004398851407309021
2214.0	-0.004370209950268638
2215.0	-0.004337915963031581
2216.0	-0.004301999920589185
2217.0	-0.004262495316381537
2218.0	-0.004219438631451017
2219.0	-0.004172869301113332
2220.0	-0.004122829679176211
2221.0	-0.004069364999737546
2222.0	-0.004012523336597778
2223.0	-0.003952355560322398
2224.0	-0.0038889152929924738
2225.0	-0.0038222588606836964
2226.0	-0.0037524452437156623
2227.0	-0.0036795360247145925
2228.0	-0.0036035953345362765
2229.0	-0.003524689796095081
2230.0	-0.0034428884661489093
2231.0	-0.003358262775090667
2232.0	-0.003270886464798544
2233.0	-0.0031808355245983144
2234.0	-0.003088188125394705
2235.0	-0.00299302455202666
2236.0	-0.0028954271339065715
2237.0	-0.0027954801740025627
2238.0	-0.0026932698762244427
2239.0	-0.0025888842712769246
2240.0	-0.002482413141042249
2241.0	-0.0023739479415582987
2242.0	-0.002263581724657228
2243.0	-0.002151409058332265
2244.0	-0.002037525945899791
2245.0	-0.0019220297440266222
2246.0	-0.0018050190796919379
2247.0	-0.0016865937661539403
2248.0	-0.0015668547179937807
2249.0	-0.001445903865308015
2250.0	-0.0013238440671230858
2251.0	-0.0012007790241042818
2252.0	-0.001076813190634295
2253.0	-0.0009520516863348164
2254.0	-0.0008266002071067022
2255.0	-0.0007005649357627988
2256.0	-0.0005740524523304468
2257.0	-0.0004471696440974358
2258.0	-0.0003200236154787531
2259.0	-0.00019272159777941454
2260.0	-6.537085892827945e-05
2261.0	6.192138673880948e-05
2262.0	0.0001890480685739499
2263.0	0.00031590234951208227
2264.0	0.00044237771569160666
2265.0	0.0005683680657257869
2266.0	0.0006937677995499969
2267.0	0.0008184719067702435
2268.0	0.0009423760544397261
2269.0	0.0010653766741899522
2270.0	0.0011873710486434593
2271.0	0.0013082573970371386
2272.0	0.001427934959983358
2273.0	0.0015463040833001923
2274.0	0.001663266300839616
2275.0	0.0017787244162459255
2276.0	0.0018925825835759379
2277.0	0.002004746386715122
2278.0	0.0021151229175228456
2279.0	0.002223620852643022
2280.0	0.0023301505289164957
2281.0	0.0024346240173327483
2282.0	0.0025369551954608697
2283.0	0.002637059818298919
2284.0	0.0027348555874850272
2285.0	0.0028302622188122292
2286.0	0.002923201507992291
2287.0	0.00301359739461515
2288.0	0.0031013760242509136
2289.0	0.003186465808644565
2290.0	0.0032687974839538847
2291.0	0.0033483041669840645
2292.0	0.003424921409372367
2293.0	0.003498587249680318
2294.0	0.0035692422633503812
2295.0	0.00363682961048756
2296.0	0.003701295081427525
2297.0	0.0037625871400545925
2298.0	0.003820656964835668
2299.0	0.0038754584875367757
2300.0	0.003926948429592526
2301.0	0.003975086336099156
2302.0	0.004019834607405167
2303.0	0.00406115852827468
2304.0	0.00409902629460141
2305.0	0.004133409037652547
2306.0	0.0041642808458244055
2307.0	0.00419161878389393
2308.0	0.004215402909751388
2309.0	0.004235616288602976
2310.0	0.004252245004633192
2311.0	0.004265278170119333
2312.0	0.004274707931992737
2313.0	0.0042805294758433
2314.0	0.0042827410273661775
2315.0	0.0042813438512515
2316.0	0.004276342247520265
2317.0	0.004267743545311625
2318.0	0.004255558094128907
2319.0	0.004239799252553959
2320.0	0.004220483374441282
2321.0	0.00419762979260586
2322.0	0.004171260800020313
2323.0	0.004141401628539446
2324.0	0.0041080804251720894
2325.0	0.004071328225922121
2326.0	0.004031178927222863
2327.0	0.0039876692549907986
2328.0	0.003940838731326678
2329.0	0.0038907296388938114
2330.0	0.003837386983005756
2331.0	0.0037808584514566496
2332.0	0.0037211943721304525
2333.0	0.003658447668426279
2334.0	0.0035926738125388632
2335.0	0.0035239307766357516
2336.0	0.003452278981973781
2337.0	0.0033777812459989554
2338.0	0.0033005027274765437
2339.0	0.0032205108696988583
2340.0	0.0031378753418194573
2341.0	0.0030526679783661674
2342.0	0.0029649627169832946
2343.0	0.0028748355344586883
2344.0	0.002782364381089384
2345.0	0.002687629113443402
2346.0	0.0025907114255751956
2347.0	0.0024916947787533778
2348.0	0.002390664329761965
2349.0	0.002287706857835743
2350.0	0.0021829106902930087
2351.0	0.0020763656269283367
2352.0	0.001968162863231269
2353.0	0.001858394912494977
2354.0	0.0017471555268825344
2355.0	0.0016345396175172701
2356.0	0.0015206431736653548
2357.0	0.0014055631810796641
2358.0	0.0012893975395733327
2359.0	0.001172244979894059
2360.0	0.001054204979969048
2361.0	0.0009353776805910465
2362.0	0.0008158638006178026
2363.0	0.000695764551756114
2364.0	0.0005751815530019668
2365.0	0.00045421674480993407
2366.0	0.0003329723030638157
2367.0	0.00021155055292001727
2368.0	9.005388259849363e-05
2369.0	-3.141534280881044e-05
2370.0	-0.00015275486743806163
2371.0	-0.0002738626305900578
2372.0	-0.00039463685243117585
2373.0	-0.000514976119387491
2374.0	-0.00063477946915942
2375.0	-0.0007539464752866151
2376.0	-0.0008723773311920971
2377.0	-0.0009899729336351165
2378.0	-0.001106634965504006
2379.0	-0.001222265977878459
2380.0	-0.0013367694712945798
2381.0	-0.001450049976143557
2382.0	-0.0015620131321380445
2383.0	-0.0016725657667795507
2384.0	-0.0017816159727625663
2385.0	-0.001889073184250174
2386.0	-0.001994848251958484
2387.0	-0.0020988535169881644
2388.0	-0.002201002883341063
2389.0	-0.0023012118890628555
2390.0	-0.002399397775952429
2391.0	-0.002495479557781354
2392.0	-0.002589378086966384
2393.0	-0.0026810161196406564
2394.0	-0.0027703183790705643
2395.0	-0.0028572116173655685
2396.0	-0.002941624675430817
2397.0	-0.003023488541114053
2398.0	-0.0031027364054985332
2399.0	-0.0031793037172966423
2400.0	-0.0032531282353004368
2401.0	-0.003324150078845277
2402.0	-0.003392311776247445
2403.0	-0.003457558311175343
2404.0	-0.0035198371669174625
2405.0	-0.003579098368511785
2406.0	-0.003635294522702728
2407.0	-0.0036883808556936472
2408.0	-0.0037383152486653044
2409.0	-0.003785058271032044
2410.0	-0.0038285732114094685
2411.0	-0.003868826106269781
2412.0	-0.0039057857662621945
2413.0	-0.003939423800178275
2414.0	-0.003969714636544246
2415.0	-0.003996635542823643
2416.0	-0.004020166642216269
2417.0	-0.004040290928041431
2418.0	-0.004056994275695058
2419.0	-0.004070265452172675
2420.0	-0.004080096123152459
2421.0	-0.00408648085763392
2422.0	-0.004089417130130757
2423.0	-0.004088905320417677
2424.0	-0.004084948710833621
2425.0	-0.004077553481145379
2426.0	-0.00406672870097817
2427.0	-0.004052486319821265
2428.0	-0.004034841154619167
2429.0	-0.00401381087496067
2430.0	-0.00398941598588025
2431.0	-0.003961679808287986
2432.0	-0.003930628457046746
2433.0	-0.0038962908167164936
2434.0	-0.003858698514988404
2435.0	-0.0038178858938327977
2436.0	-0.0037738899783869135
2437.0	-0.0037267504436108317
2438.0	-0.0036765095787408184
2439.0	-0.0036232122495724805
2440.0	-0.0035669058586064355
2441.0	-0.0035076403030923704
2442.0	-0.0034454679310080183
2443.0	-0.003380443495012081
2444.0	-0.00331262410441096
2445.0	-0.003242069175181857
2446.0	-0.003168840378095592
2447.0	-0.003093001584983758
2448.0	-0.0030146188131981925
2449.0	-0.0029337601683094524
2450.0	-0.002850495785094726
2451.0	-0.0027648977668661063
2452.0	-0.0026770401231915697
2453.0	-0.0025869987060618354
2454.0	-0.002494851144558843
2455.0	-0.0024006767780813416
2456.0	-0.0023045565881851826
2457.0	-0.002206573129096871
2458.0	-0.002106810456959209
2459.0	-0.0020053540578707603
2460.0	-0.0019022907747791552
2461.0	-0.0017977087332919227
2462.0	-0.0016916972664672673
2463.0	-0.0015843468386494712
2464.0	-0.0014757489684128963
2465.0	-0.0013659961506811004
2466.0	-0.0012551817780867714
2467.0	-0.0011434000616387322
2468.0	-0.0010307459507643035
2469.0	-0.0009173150527939293
2470.0	-0.0008032035519568599
2471.0	-0.0006885081279555539
2472.0	-0.000573325874188656
2473.0	-0.0004577542156910544
2474.0	-0.0003418908268601823
2475.0	-0.00022583354903772063
2476.0	-0.000109680308017636
2477.0	6.470968452496268e-06
2478.0	0.00012252243310527332
2479.0	0.00023837640145392967
2480.0	0.00035393543389119364
2481.0	0.00046910241751538934
2482.0	0.0005837806476180487
2483.0	0.0006978739087621053
2484.0	0.0008112865553849337
2485.0	0.0009239235918569546
2486.0	0.001035690751930636
2487.0	0.0011464945775120719
2488.0	0.0012562424966903283
2489.0	0.0013648429009591948
2490.0	0.0014722052215667889
2491.0	0.0015782400049302937
2492.0	0.001682858987051772
2493.0	0.0017859751668748158
2494.0	0.0018875028785197948
2495.0	0.0019873578623386973
2496.0	0.0020854573347301453
2497.0	0.0021817200566575544
2498.0	0.002276066400812952
2499.0	0.0023684184173713794
2500.0	0.002458699898282455
2501.0	0.002546836440044017
2502.0	0.002632755504909477
2503.0	0.0027163864804749635
2504.0	0.00279766073760058
2505.0	0.0028765116866162695
2506.0	0.002952874831767162
2507.0	0.0030266878238542137
2508.0	0.003097890511026552
2509.0	0.0031664249876848264
2510.0	0.0032322356414555475
2511.0	0.003295269198198869
2512.0	0.0033554747650127153
2513.0	0.0034128038711995334
2514.0	0.003467210507162069
2515.0	0.0035186511611974493
2516.0	0.003567084854160169
2517.0	0.003612473171966367
2518.0	0.0036547802959139603
2519.0	0.003693973030794662
2520.0	0.0037300208307758996
2521.0	0.003762895823032679
2522.0	0.00379257282911149
2523.0	0.003819029384009429
2524.0	0.003842245752955025
2525.0	0.003862204945877822
2526.0	0.0038788927295566556
2527.0	0.003892297637438162
2528.0	0.0039024109771189927
2529.0	0.003909226835487267
2530.0	0.003912742081520881
2531.0	0.003912956366741914
2532.0	0.003909872123328766
2533.0	0.003903494559889329
2534.0	0.00389383165490057
2535.0	0.003880894147821879
2536.0	0.003864695527891454
2537.0	0.0038452520206168988
2538.0	0.003822582571973241
2539.0	0.0037967088303233866
2540.0	0.003767655126078163
2541.0	0.003735448449114328
2542.0	0.00370011842397195
2543.0	0.003661697282853291
2544.0	0.0036202198364475727
2545.0	0.0035757234426082676
2546.0	0.0035282479729103057
2547.0	0.003477835777117705
2548.0	0.0034245316455925466
2549.0	0.003368382769678591
2550.0	0.0033094387000949083
2551.0	0.003247751303375268
2552.0	0.0031833747163923613
2553.0	0.0031163652990056304
2554.0	0.0030467815848749915
2555.0	0.002974684230482154
2556.0	0.0029001359624049776
2557.0	0.00282320152288973
2558.0	0.0027439476137683973
2559.0	0.0026624428387702517
2560.0	0.0025787576442763025
2561.0	0.002492964258568978
2562.0	0.0024051366296280272
2563.0	0.0023153503615269445
2564.0	0.0022236826494846837
2565.0	0.0021302122136271097
2566.0	0.0020350192315166152
2567.0	0.0019381852695060189
2568.0	0.0018397932129766118
2569.0	0.001739927195519469
2570.0	0.0016386725271199656
2571.0	0.001536115621407607
2572.0	0.0014323439220323608
2573.0	0.0013274458282306885
2574.0	0.0012215106196437299
2575.0	0.0011146283804524405
2576.0	0.001006889922893617
2577.0	0.0008983867102210785
2578.0	0.0007892107791786689
2579.0	0.0006794546620487116
2580.0	0.0005692113083443443
2581.0	0.00045857400620921284
2582.0	0.0003476363035929838
2583.0	0.0002364919292683749
2584.0	0.00012523471375578345
2585.0	1.3958510223489114e-05
2586.0	-9.724288457166121e-05
2587.0	-0.0002082758092347863
2588.0	-0.00031904681651037106
2589.0	-0.0004294627518181953
2590.0	-0.0005394308314835021
2591.0	-0.0006488587205955277
2592.0	-0.0007576546104281227
2593.0	-0.0008657272953592486
2594.0	-0.0009729862492232822
2595.0	-0.0010793417010338921
2596.0	-0.001184704710013218
2597.0	-0.0012889872398644904
2598.0	-0.0013921022322276931
2599.0	-0.0014939636792550065
2600.0	-0.001594486695247403
2601.0	-0.0016935875872918292
2602.0	-0.0017911839248397762
2603.0	-0.0018871946081716055
2604.0	-0.0019815399356872022
2605.0	-0.002074141669969046
2606.0	-0.002164923102562054
2607.0	-0.002253809117417485
2608.0	-0.002340726252947537
2609.0	-0.002425602762640202
2610.0	-0.0025083686741841746
2611.0	-0.0025889558470548286
2612.0	-0.0026672980285150976
2613.0	-0.0027433309079834918
2614.0	-0.0028169921697267317
2615.0	-0.0028882215438321007
2616.0	-0.0029569608554190956
2617.0	-0.0030231540720500735
2618.0	-0.003086747349300683
2619.0	-0.0031476890744541863
2620.0	-0.0032059299082829807
2621.0	-0.0032614228248850096
2622.0	-0.0033141231495418338
2623.0	-0.0033639885945685026
2624.0	-0.0034109792931266746
2625.0	-0.0034550578309736116
2626.0	-0.0034961892761222325
2627.0	-0.0035343412063887163
2628.0	-0.0035694837348058325
2629.0	-0.0036015895328827246
2630.0	-0.0036306338516926646
2631.0	-0.0036565945407727248
2632.0	-0.0036794520648213815
2633.0	-0.00369918951818144
2634.0	-0.0037157926370976462
2635.0	-0.003729249809740581
2636.0	-0.0037395520839898473
2637.0	-0.003746693172971701
2638.0	-0.0037506694583483253
2639.0	-0.0037514799913573576
2640.0	-0.0037491264916027466
2641.0	-0.0037436133435994096
2642.0	-0.0037349475910764453
2643.0	-0.003723138929045239
2644.0	-0.00370819969364087
2645.0	-0.0036901448497469735
2646.0	-0.003668991976416267
2647.0	-0.0036447612501003127
2648.0	-0.0036174754257047356
2649.0	-0.0035871598154871005
2650.0	-0.0035538422658168284
2651.0	-0.0035175531318186386
2652.0	-0.0034783252499218514
2653.0	-0.003436193908340968
2654.0	-0.003391196815513092
2655.0	-0.0033433740665209256
2656.0	-0.0032927681075308564
2657.0	-0.003239423698277345
2658.0	-0.003183387872627047
2659.0	-0.0031247098972569417
2660.0	-0.0030634412284829774
2661.0	-0.002999635467276418
2662.0	-0.0029333483125077824
2663.0	-0.002864637512458478
2664.0	-0.002793562814642659
2665.0	-0.002720185913982396
2666.0	-0.002644570399381206
2667.0	-0.0025667816987424126
2668.0	-0.002486887022479032
2669.0	-0.0024049553055644542
2670.0	-0.0023210571481739905
2671.0	-0.0022352647549671633
2672.0	-0.0021476518730644146
2673.0	-0.0020582937287700006
2674.0	-0.0019672669630960726
2675.0	-0.0018746495661434257
2676.0	-0.00178052081039354
2677.0	-0.0016849611829708013
2678.0	-0.0015880523169309337
2679.0	-0.0014898769216357753
2680.0	-0.001390518712271921
2681.0	-0.0012900623385756526
2682.0	-0.0011885933128216353
2683.0	-0.001086197937139399
2684.0	-0.000982963230217909
2685.0	-0.0008789768534598533
2686.0	-0.0007743270366502435
2687.0	-0.0006691025031997112
2688.0	-0.0005633923950277963
2689.0	-0.0004572861971489339
2690.0	-0.00035087366202441773
2691.0	-0.0002442447337452118
2692.0	-0.00013748947210873099
2693.0	-3.0697976654220246e-05
2694.0	7.60396892801079e-05
2695.0	0.00018263357441320079
2696.0	0.0002889939152275388
2697.0	0.00039503121146185384
2698.0	0.0005006563013265719
2699.0	0.0006057804363793741
2700.0	0.0007103153559974989
2701.0	0.0008141733613848424
2702.0	0.0009172673890516626
2703.0	0.0010195110837048578
2704.0	0.0011208188704894242
2705.0	0.0012211060265187262
2706.0	0.001320288751635618
2707.0	0.0014182842383443821
2708.0	0.0015150107408549824
2709.0	0.0016103876431835815
2710.0	0.0017043355262507324
2711.0	0.0017967762339232344
2712.0	0.0018876329379432213
2713.0	0.001976830201692311
2714.0	0.0020642940427361453
2715.0	0.0021499519940989553
2716.0	0.002233733164216946
2717.0	0.0023155682955207863
2718.0	0.0023953898215995093
2719.0	0.0024731319228974294
2720.0	0.0025487305809000736
2721.0	0.0026221236307627698
2722.0	0.0026932508123401356
2723.0	0.0027620538195736147
2724.0	0.002828476348197279
2725.0	0.00289246414172272
2726.0	0.002953965035665414
2727.0	0.0030129289999770606
2728.0	0.003069308179648784
2729.0	0.0031230569334528813
2730.0	0.003174131870791551
2731.0	0.0032224918866229526
2732.0	0.00326809819443685
2733.0	0.003310914357252833
2734.0	0.0033509063166173546
2735.0	0.003388042419575774
2736.0	0.003422293443598375
2737.0	0.0034536326194413406
2738.0	0.00348203565192409
2739.0	0.0035074807386077144
2740.0	0.0035299485863597643
2741.0	0.003549422425793269
2742.0	0.003565888023569237
2743.0	0.003579333692553756
2744.0	0.003589750299822873
2745.0	0.0035971312725097833
2746.0	0.0036014726014912176
2747.0	0.00360277284291125
2748.0	0.003601033117542958
2749.0	0.0035962571079899064
2750.0	0.003588451053731461
2751.0	0.003577623744017504
2752.0	0.0035637865086202776
2753.0	0.0035469532064524266
2754.0	0.0035271402120626294
2755.0	0.003504366400021418
2756.0	0.0034786531272121054
2757.0	0.0034500242130430644
2758.0	0.003418505917599535
2759.0	0.0033841269177549683
2760.0	0.0033469182812631694
2761.0	0.0033069134388549683
2762.0	0.0032641481543637433
2763.0	0.003218660492907007
2764.0	0.003170490787151831
2765.0	0.0031196816016937755
2766.0	0.0030662776955812467
2767.0	0.003010325983017441
2768.0	0.0029518754922747232
2769.0	0.0028909773228576116
2770.0	0.002827684600950497
2771.0	0.002762052433190468
2772.0	0.002694137858803929
2773.0	0.0026239998001494793
2774.0	0.002551699011709301
2775.0	0.00247729802757326
2776.0	0.0024008611074612576
2777.0	0.0023224541813296863
2778.0	0.0022421447926107107
2779.0	0.0021600020401317073
2780.0	0.0020760965187665526
2781.0	0.001990500258867647
2782.0	0.00190328666453215
2783.0	0.0018145304507546443
2784.0	0.0017243075795193056
2785.0	0.0016326951948878341
2786.0	0.0015397715571366117
2787.0	0.0014456159760006014
2788.0	0.0013503087430800408
2789.0	0.0012539310634683786
2790.0	0.0011565649866580882
2791.0	0.0010582933367849707
2792.0	0.0009591996422686803
2793.0	0.000859368064909462
2794.0	0.0007588833285021306
2795.0	0.0006578306470260934
2796.0	0.0005562956524741441
2797.0	0.00045436432237960144
2798.0	0.00035212290710331376
2799.0	0.00024965785694287676
2800.0	0.00014705574912419905
2801.0	4.440321473795405e-05
2802.0	-5.821313431725309e-05
2803.0	-0.00016070677832501456
2804.0	-0.00026299136261081026
2805.0	-0.0003649807702125166
2806.0	-0.0004665891942983098
2807.0	-0.0005677312102727304
2808.0	-0.0006683218475094927
2809.0	-0.000768276660651711
2810.0	-0.0008675118004188478
2811.0	-0.0009659440838614819
2812.0	-0.0010634910640058655
2813.0	-0.001160071098828102
2814.0	-0.001255603419502717
2815.0	-0.0013500081978667108
2816.0	-0.0014432066130435474
2817.0	-0.0015351209171721985
2818.0	-0.0016256745001847028
2819.0	-0.0017147919535806149
2820.0	-0.0018023991331432795
2821.0	-0.0018884232205472438
2822.0	-0.0019727927838048436
2823.0	-0.00205543783650259
2824.0	-0.0021362898957772423
2825.0	-0.002215282038984618
2826.0	-0.0022923489590140995
2827.0	-0.002367427018202474
2828.0	-0.0024404543008037416
2829.0	-0.002511370663970917
2830.0	-0.002580117787207825
2831.0	-0.0026466392202513034
2832.0	-0.0027108804293431788
2833.0	-0.0027727888418553506
2834.0	-0.0028323138892308542
2835.0	-0.0028894070482057732
2836.0	-0.002944021880279377
2837.0	-0.002996114069399227
2838.0	-0.0030456414578318752
2839.0	-0.0030925640801890693
2840.0	-0.003136844195583469
2841.0	-0.0031784463178864096
2842.0	-0.00321733724406512
2843.0	-0.0032534860805757742
2844.0	-0.003286864267791893
2845.0	-0.003317445602449096
2846.0	-0.0033452062580879858
2847.0	-0.0033701248034801855
2848.0	-0.0033921822190226473
2849.0	-0.0034113619110883666
2850.0	-0.0034276497243224775
2851.0	-0.003441033951874955
2852.0	-0.0034515053435627166
2853.0	-0.0034590571119555787
2854.0	-0.003463684936382568
2855.0	-0.0034653869648563975
2856.0	-0.003464163813916145
2857.0	-0.0034600185663895525
2858.0	-0.0034529567670783675
2859.0	-0.0034429864163717013
2860.0	-0.003430117961794316
2861.0	-0.0034143642874982787
2862.0	-0.003395740701708315
2863.0	-0.0033742649221329096
2864.0	-0.003349957059354613
2865.0	-0.003322839598215304
2866.0	-0.003292937377213103
2867.0	-0.0032602775659298306
2868.0	-0.003224889640509597
2869.0	-0.0031868053572099682
2870.0	-0.0031460587240499807
2871.0	-0.0031026859705795876
2872.0	-0.0030567255157978937
2873.0	-0.003008217934247735
2874.0	-0.0029572059203175215
2875.0	-0.002903734250780216
2876.0	-0.00284784974560356
2877.0	-0.0027896012270650877
2878.0	-0.0027290394772072576
2879.0	-0.002666217193670768
2880.0	-0.0026011889439429333
2881.0	-0.002534011118062139
2882.0	-0.0024647418798181358
2883.0	-0.002393441116491203
2884.0	-0.002320170387173025
2885.0	-0.002244992869713862
2886.0	-0.0021679733063419927
2887.0	-0.00208917794800145
2888.0	-0.002008674497456858
2889.0	-0.0019265320512128633
2890.0	-0.0018428210402993165
2891.0	-0.0017576131699718115
2892.0	-0.0016709813583794606
2893.0	-0.0015829996742524907
2894.0	-0.0014937432736625185
2895.0	-0.0014032883359095588
2896.0	-0.0013117119985908963
2897.0	-0.0012190922919057354
2898.0	-0.0011255080722532263
2899.0	-0.0010310389551787846
2900.0	-0.0009357652477267554
2901.0	-0.0008397678802562175
2902.0	-0.000743128337777886
2903.0	-0.000645928590870596
2904.0	-0.000548251026235074
2905.0	-0.00045017837694507235
2906.0	-0.0003517936524530656
2907.0	-0.0002531800684119201
2908.0	-0.000154420976369247
2909.0	-5.559979339633551e-05
2910.0	4.320006829146419e-05
2911.0	0.00014189527166164837
2912.0	0.0002404026250800226
2913.0	0.0003386391523567724
2914.0	0.00043652216256235453
2915.0	0.0005339693195562616
2916.0	0.0006308987111689593
2917.0	0.0007272289179797048
2918.0	0.0008228790816323137
2919.0	0.0009177689726313831
2920.0	0.001011819057562938
2921.0	0.0011049505656819823
2922.0	0.001197085554812933
2923.0	0.0012881469765060193
2924.0	0.0013780587403966341
2925.0	0.0014667457777136615
2926.0	0.001554134103883081
2927.0	0.0016401508801756857
2928.0	0.0017247244743471145
2929.0	0.0018077845202196375
2930.0	0.001889261976156582
2931.0	0.0019690891823804335
2932.0	0.002047199917087718
2933.0	0.002123529451313383
2934.0	0.0021980146024998958
2935.0	0.0022705937867265446
2936.0	0.002341207069555678
2937.0	0.0024097962154545475
2938.0	0.002476304735751037
2939.0	0.002540677935085216
2940.0	0.0026028629563169077
2941.0	0.0026628088238542084
2942.0	0.002720466485366179
2943.0	0.002775788851846093
2944.0	0.002828730835993108
2945.0	0.002879249388879749
2946.0	0.0029273035348773586
2947.0	0.002972854404809374
2948.0	0.0030158652673070723
2949.0	0.0030563015583416134
2950.0	0.0030941309089095085
2951.0	0.0031293231708486215
2952.0	0.0031618504407647787
2953.0	0.0031916870820499757
2954.0	0.0032188097449745694
2955.0	0.003243197384838328
2956.0	0.003264831278165802
2957.0	0.003283695036934063
2958.0	0.0032997746208220397
2959.0	0.003313058347472259
2960.0	0.003323536900757924
2961.0	0.0033312033370495697
2962.0	0.0033360530894772354
2963.0	0.0033380839701862113
2964.0	0.003337296170585412
2965.0	0.003333692259589812
2966.0	0.003327277179859575
2967.0	0.0033180582420404493
2968.0	0.0033060451170116335
2969.0	0.0032912498261488906
2970.0	0.0032736867296125176
2971.0	0.0032533725126713616
2972.0	0.003230326170075512
2973.0	0.0032045689884925787
2974.0	0.0031761245270230587
2975.0	0.003145018595812973
2976.0	0.0031112792327829476
2977.0	0.003074936678494208
2978.0	0.003036023349174727
2979.0	0.002994573807928485
2980.0	0.002950624734154306
2981.0	0.0029042148912002165
2982.0	0.002855385092282838
2983.0	0.0028041781647005814
2984.0	0.002750638912372985
2985.0	0.0026948140767381473
2986.0	0.002636752296042411
2987.0	0.002576504063058162
2988.0	0.002514121681265557
2989.0	0.00244965921953716
2990.0	0.002383172465363897
2991.0	0.0023147188766627557
2992.0	0.002244357532208499
2993.0	0.0021721490807310837
2994.0	0.0020981556887232473
2995.0	0.0020224409870032876
2996.0	0.0019450700160777619
2997.0	0.0018661091703527013
2998.0	0.001785626141239125
2999.0	0.0017036898592033922
3000.0	0.0016203704348106843
