f	psd[1/Hz]
10.21659	4.4392557375076007e-41
10.23975	4.2277798571044016e-41
10.262960000000001	4.021025941633601e-41
10.28622	3.8190249390275996e-41
10.30954	3.6217298922560996e-41
10.3329	3.429341529936401e-41
10.35633	3.24165116025e-41
10.3798	3.0589350423696007e-41
10.40333	2.8980597189769e-41
10.426910000000001	2.8427056880209007e-41
10.45054	2.787770304435601e-41
10.47423	2.7332329049089e-41
10.49797	2.6791214096529e-41
10.52177	2.6254156502160995e-41
10.54561	2.5721654009104006e-41
10.569519999999999	2.5193061294361e-41
10.59347	2.4669092306400996e-41
10.61749	2.3889337579584003e-41
10.64155	2.3025621444004004e-41
10.66567	2.2175716992099993e-41
10.68985	2.1339734055025e-41
10.714080000000001	2.0518136793025004e-41
10.73836	1.9711016004681e-41
10.7627	1.8918167648004004e-41
10.7871	1.8139685783040997e-41
10.81155	1.7520804437796e-41
10.83605	1.7071333272009e-41
10.860619999999999	1.6626438467809e-41
10.88523	1.6186709539440999e-41
10.90991	1.5751643319556e-41
10.93464	1.5321650546944002e-41
10.95942	1.48967437369e-41
10.98426	1.4476815035281e-41
11.009160000000001	1.3887912769201006e-41
11.03411	1.3019352598755998e-41
11.05912	1.2176847537156003e-41
11.08419	1.1360607302500004e-41
11.10932	1.0570821638400003e-41
11.13449	9.808302776041003e-42
11.15973	9.072324720900001e-42
11.185030000000001	8.363397938116002e-42
11.21038	7.950854715075997e-42
11.23579	7.934593219281e-42
11.26126	7.918314602499998e-42
11.28678	7.902013346704e-42
11.31237	7.885689573608999e-42
11.33801	7.869349015695999e-42
11.363710000000001	7.852986173123998e-42
11.38946	7.836606767236e-42
11.415280000000001	7.722374135056e-42
11.44116	7.541938495080999e-42
11.467089999999999	7.363293904521002e-42
11.49308	7.186388393536002e-42
11.51913	7.011226128384e-42
11.54524	6.837832755625e-42
11.57141	6.666217937604e-42
11.59764	6.496396732809e-42
11.62392	6.466808312064001e-42
11.650269999999999	6.450944696641002e-42
11.676680000000001	6.435065048048999e-42
11.70315	6.419169497663999e-42
11.72967	6.403258177156e-42
11.756260000000001	6.387331218488999e-42
11.782910000000001	6.371383705599999e-42
11.809619999999999	6.208837996515998e-42
11.83638	5.794814046564e-42
11.86321	5.394043410063999e-42
11.8901	5.006786632225e-42
11.91705	4.6331400157289995e-42
11.94406	4.2731959432410004e-42
11.97114	3.926928795903999e-42
11.99827	3.594690865089001e-42
12.02547	3.5991591510249993e-42
12.05273	3.626179488008999e-42
12.080039999999999	3.653350567875999e-42
12.10742	3.6806959681959996e-42
12.13487	3.708212651584e-42
12.16237	3.7358820626489996e-42
12.18994	3.7637241610240017e-42
12.21757	3.786153206415999e-42
12.24526	3.805487986755999e-42
12.273019999999999	3.8249189476000005e-42
12.300839999999999	3.844442525625e-42
12.32872	3.864059049841e-42
12.35666	3.8837688499839994e-42
12.38467	3.903576208008999e-42
12.41274	3.794676728049e-42
12.44088	3.5367466293759994e-42
12.46908	3.2873714983209997e-42
12.49734	3.0466131570250004e-42
12.52567	2.8144457721610007e-42
12.55406	2.5910149735689986e-42
12.58252	2.376305491729e-42
12.61104	2.2590961748409998e-42
12.639619999999999	2.285245960209e-42
12.66827	2.3116070376090006e-42
12.69698	2.3381773921e-42
12.725760000000001	2.3649641683360003e-42
12.754610000000001	2.3919715600000003e-42
12.78352	2.4191851691289996e-42
12.8125	2.416961496964e-42
12.84154	2.3758399733759995e-42
12.87064	2.334988756489e-42
12.89982	2.294379707841e-42
12.92906	2.254042814409001e-42
12.95836	2.2139862748090005e-42
12.98773	2.1741915361959995e-42
13.01717	2.1205592137960002e-42
13.04668	2.0575205728359998e-42
13.07625	1.9953116280250002e-42
13.105889999999999	1.933910203801e-42
13.1356	1.8733287404160006e-42
13.165370000000001	1.8135901164160003e-42
13.195210000000001	1.7546843760249996e-42
13.22512	1.8889011431289995e-42
13.2551	2.0676944507039997e-42
13.28514	2.2549527225000003e-42
13.31525	2.4507902499999992e-42
13.345429999999999	2.6552637320039992e-42
13.37568	2.8684333860249996e-42
13.406	3.3192102969e-42
13.43639	4.884603892996e-42
13.46684	6.755455963876e-42
13.497370000000002	8.935071527281e-42
13.52796	1.1424116081763999e-41
13.558620000000001	1.4225358809103998e-41
13.589360000000001	1.7341960839423996e-41
13.62016	1.7393220388324e-41
13.651029999999999	1.5775131691263996e-41
13.681970000000002	1.4232623938224997e-41
13.712979999999998	1.2766236102169004e-41
13.74407	1.1376076648336001e-41
13.775220000000001	1.0063582459224999e-41
13.80644	8.918650660920996e-42
13.83774	8.169221494224999e-42
13.8691	7.451338521796001e-42
13.90054	6.764758837224999e-42
13.93205	6.109938605240999e-42
13.963629999999998	5.487104796849001e-42
13.99528	4.896470563209e-42
14.027	4.2495802254010014e-42
14.05879	3.6329198644840004e-42
14.09066	3.063203540401e-42
14.1226	2.5409571454440002e-42
14.15461	2.066501126089e-42
14.186689999999999	1.6401566305960005e-42
14.21885	1.3790439029289998e-42
14.251079999999998	1.2182419876e-42
14.28338	1.0670889999999999e-42
14.315760000000001	9.256077396420102e-43
14.3482	7.9394960848225e-43
14.380729999999998	6.720635141070399e-43
14.41332	5.922672289210001e-43
14.44599	5.624407515602501e-43
14.47874	5.333145745992099e-43
14.51155	5.049115723836899e-43
14.54445	4.772109953811601e-43
14.57741	4.5024354980360996e-43
14.61046	4.249042506702401e-43
14.64357	4.0217780379000996e-43
14.67676	3.800234247681601e-43
14.71003	3.584455216902401e-43
14.74337	3.3745480155396e-43
14.77679	3.1704928888369003e-43
14.81029	3.0239836853775995e-43
14.84385	2.996221275062501e-43
14.8775	2.9685127940835996e-43
14.911220000000002	2.9408755464256e-43
14.945020000000001	2.913302784000399e-43
14.9789	2.88579542416e-43
15.01285	2.8220605662249e-43
15.046879999999998	2.7003186138680993e-43
15.080979999999998	2.5810189819129e-43
15.11517	2.4641107368361e-43
15.149429999999999	2.3496802022500005e-43
15.183760000000001	2.2377450491360994e-43
15.218179999999998	2.1317880202641e-43
15.252679999999998	2.0312481121969e-43
15.28725	1.9329396903441e-43
15.3219	1.8368501650801e-43
15.35663	1.7429973706084003e-43
15.39144	1.6513974660121e-43
15.42632	1.5566843994256001e-43
15.46129	1.4628245946720997e-43
15.496329999999999	1.3717045544409e-43
15.531460000000001	1.2832916277635999e-43
15.56666	1.1976562154089001e-43
15.60195	1.1178604407364e-43
15.637310000000001	1.0923990081315998e-43
15.67276	1.0671675163009e-43
15.708279999999998	1.0421817584656e-43
15.743889999999999	1.0174300919523998e-43
15.779570000000001	9.929279957776e-44
15.815339999999999	9.796155074160996e-44
15.85118	9.809793579481e-44
15.88711	9.823472914564e-44
15.923129999999999	9.837193144899998e-44
15.959220000000002	9.850948058883998e-44
15.995389999999999	9.8647502724e-44
16.03165	9.530834712025001e-44
16.06798	9.152694216963998e-44
16.1044	8.781295055624999e-44
16.14091	8.416700334025e-44
16.17749	8.059160165955998e-44
16.21416	7.640884566225001e-44
16.25091	7.128638342401e-44
16.28775	6.632978758848999e-44
16.32467	6.154155293049002e-44
16.36167	5.692289765904e-44
16.39876	5.247379792656e-44
16.43593	5.260880782920999e-44
16.47318	5.290050600120999e-44
16.51052	5.319374866129e-44
16.54794	5.348844941048999e-44
16.58545	5.378465999104001e-44
16.62304	5.313822559929e-44
16.66072	5.190454958048999e-44
16.69849	5.068243628176001e-44
16.73634	4.947230232168999e-44
16.77427	4.827432968164001e-44
16.81229	4.621764729241001e-44
16.8504	4.2440614525439995e-44
16.88859	3.8817156228490003e-44
16.92687	3.5347384081e-44
16.965239999999998	3.2032480166439997e-44
17.0037	2.918029234175999e-44
17.04224	2.9284518579839994e-44
17.08087	2.938917062929001e-44
17.11958	2.949421542544e-44
17.15839	2.959972288849001e-44
17.19728	2.970566002089e-44
17.23626	2.7756193083609996e-44
17.27533	2.572228969489e-44
17.31448	2.3761821711689997e-44
17.35373	2.1874350840039993e-44
17.393060000000002	2.0061379699239997e-44
17.432489999999998	1.8873319352039996e-44
17.472	1.7834507406809996e-44
17.5116	1.6822816327839999e-44
17.5513	1.583819733001e-44
17.591079999999998	1.4881413712359998e-44
17.63095	1.463521677121e-44
17.670920000000002	1.458911285316e-44
17.71097	1.4543009311359995e-44
17.75111	1.4496858328410002e-44
17.79135	1.4450684521000003e-44
17.83168	1.4018607360040005e-44
17.87209	1.3489196448999997e-44
17.9126	1.296869995204e-44
17.9532	1.245732783376e-44
17.9939	1.1955016920999998e-44
18.034679999999998	1.145021983249e-44
18.07556	1.0953066717609997e-44
18.116529999999997	1.0465903809000001e-44
18.1576	9.9886612160241e-45
18.19875	9.521663192580098e-45
18.24	9.2997053676004e-45
18.28135	9.087158761028099e-45
18.322779999999998	8.876664077602498e-45
18.364320000000003	8.6680866785536e-45
18.40594	8.418460699708898e-45
18.44766	7.918330225000001e-45
18.48947	7.432486528896899e-45
18.53138	6.960915310410001e-45
18.57339	6.50372892849e-45
18.615489999999998	6.150290837964099e-45
18.65768	5.9566273690561e-45
18.69997	5.7656139530896e-45
18.74236	5.577272671699599e-45
18.78484	5.3916697154401e-45
18.82742	5.1404339981124005e-45
18.87009	4.8579199334883984e-45
18.91287	4.5826915515364016e-45
18.95573	4.3149987388224995e-45
18.9987	4.054704293433599e-45
19.04176	3.939440203801599e-45
19.08492	3.829842339918398e-45
19.12818	3.7215416997136e-45
19.17154	3.6145490700543984e-45
19.21499	3.5238672271088994e-45
19.25855	3.4623256527409014e-45
19.3022	3.4012002384361e-45
19.34595	3.34048164961e-45
19.3898	3.2801724743841e-45
19.43375	3.1448486331025005e-45
19.4778	2.989889276814401e-45
19.52195	2.8385079895224996e-45
19.5662	2.6907282451729e-45
19.61055	2.5632774145924002e-45
19.655	2.4913045742208994e-45
19.69955	2.4201991880704005e-45
19.7442	2.3499662046024997e-45
19.78896	2.2805992415844002e-45
19.83381	2.1954631822928998e-45
19.878770000000003	2.1064051814481004e-45
19.92383	2.0189987528929002e-45
19.96898	1.9332755991408997e-45
20.01425	1.9047245419225e-45
20.05961	1.9993936645763998e-45
20.105079999999997	2.0965968057321e-45
20.15065	2.1963282250000003e-45
20.19633	2.2986261771201004e-45
20.2421	2.1070927534863995e-45
20.287979999999997	1.8996051534915995e-45
20.33397	1.7024107056784002e-45
20.38006	1.5156266541025e-45
20.42626	1.4232774843224998e-45
20.47255	1.3971956216463999e-45
20.51896	1.3712890360463998e-45
20.56547	1.3455698576401e-45
20.61208	1.3149725325024998e-45
20.6588	1.2703628566224999e-45
20.70563	1.2264200112783998e-45
20.75256	1.1831598004681006e-45
20.7996	1.1405777035536002e-45
20.84674	1.1275693884900002e-45
20.894	1.1148506967843995e-45
20.94136	1.1021775848835997e-45
20.98882	1.0895505095556004e-45
21.0364	1.0480506244320998e-45
21.08408	9.986257290816001e-46
21.131870000000003	9.502841998223997e-46
21.17977	9.030349542915999e-46
21.22777	8.757551187855998e-46
21.27589	8.625152533321e-46
21.32411	8.4934942096e-46
21.37245	8.362518807204002e-46
21.42089	8.169335822025002e-46
21.46945	7.896043800100002e-46
21.51811	7.626848805625001e-46
21.566879999999998	7.361736415503999e-46
21.61577	7.123699788675998e-46
21.66476	6.936876102025e-46
21.71387	6.7520827195289996e-46
21.76309	6.569384212560999e-46
21.81242	6.434481610384e-46
21.86186	6.436313186120999e-46
21.91141	6.4381551719040026e-46
21.96108	6.439997421225001e-46
22.01085	6.360534440099998e-46
22.06075	5.9950347225759995e-46
22.11075	5.639651292024999e-46
22.160870000000003	5.294311077969e-46
22.2111	5.021260827489002e-46
22.26144	4.971446146276001e-46
22.3119	4.921764435025e-46
22.362470000000002	4.872221850721e-46
22.41316	4.800134828241e-46
22.46396	4.664373200656001e-46
22.514879999999998	4.530252576720999e-46
22.565910000000002	4.3977990506489996e-46
22.617060000000002	4.275288176329e-46
22.668329999999997	4.170605346436e-46
22.71971	4.0669982223999994e-46
22.77121	3.964455316836001e-46
22.82282	3.817006208656e-46
22.87455	3.615356185280999e-46
22.9264	3.4187270404e-46
22.97837	3.2271571520409992e-46
23.03045	3.145004309056e-46
23.08265	3.1380705316000007e-46
23.134970000000003	3.131126711001e-46
23.18741	3.1241764411559996e-46
23.23997	3.0632560466559995e-46
23.29265	2.9860289281689996e-46
23.34544	2.9096274121690005e-46
23.39836	2.8340342046809994e-46
23.45139	2.858858745856001e-46
23.50455	2.887080137881e-46
23.55783	2.915505025225e-46
23.61122	2.9164715418239997e-46
23.66474	2.8143987986890006e-46
23.71838	2.7139168756090003e-46
23.77214	2.615044752099999e-46
23.82603	2.5105737014409994e-46
23.880029999999998	2.400469929025e-46
23.934160000000002	2.292580572129e-46
23.988410000000002	2.1869411265610004e-46
24.04278	2.1880829330890006e-46
24.097279999999998	2.218062147856e-46
24.1519	2.248311316969e-46
24.20664	2.276112325041e-46
24.26151	2.284326937201e-46
24.3165	2.2925714873759995e-46
24.37162	2.300852124736e-46
24.42686	2.2651634621160006e-46
24.482229999999998	2.1838928400000003e-46
24.53772	2.1039357450249995e-46
24.593339999999998	2.025287611876e-46
24.649079999999998	1.978588264129e-46
24.70495	1.9364559323560003e-46
24.76095	1.8946834256250002e-46
24.81707	1.869815577744001e-46
24.87333	1.8829959617289995e-46
24.9297	1.896250177936e-46
24.98621	1.909586806883999e-46
25.04285	1.872781302016e-46
25.099610000000002	1.8203649256810003e-46
25.1565	1.768575494884e-46
25.213520000000003	1.7291013922089993e-46
25.270670000000003	1.7275001503360001e-46
25.32795	1.7258970227559998e-46
25.385360000000002	1.7242920131289995e-46
25.4429	1.7047062547360002e-46
25.50057	1.6790950484009998e-46
25.55837	1.6536211086240001e-46
25.6163	1.6325275116160003e-46
25.67437	1.6223295218489995e-46
25.73256	1.612140629401e-46
25.79089	1.6019610505960003e-46
25.84935	1.574279618209e-46
25.90794	1.5435801232809998e-46
25.96666	1.513114027569e-46
26.02552	1.4980021970409997e-46
26.08451	1.5027474499560003e-46
26.143629999999998	1.5075124848640002e-46
26.20289	1.512127658596e-46
26.26228	1.5135052205160004e-46
26.32181	1.5148883328640002e-46
26.38147	1.5162745396409998e-46
26.441270000000003	1.5068397211560003e-46
26.5012	1.492572880681e-46
26.56127	1.4783422886410001e-46
26.62148	1.4526733623610002e-46
26.681820000000002	1.406743067844e-46
26.7423	1.3614479097210002e-46
26.802909999999997	1.3191395374440001e-46
26.863670000000003	1.323645648004e-46
26.924559999999996	1.3281686614440001e-46
26.98558	1.3327086249e-46
27.04675	1.345258981609e-46
27.10806	1.360381653316e-46
27.1695	1.3756216911610003e-46
27.23108	1.3654179571209998e-46
27.29281	1.3304007649e-46
27.354670000000002	1.2957678691240001e-46
27.41667	1.2745551974439998e-46
27.478820000000002	1.2890582246889997e-46
27.5411	1.3036752697960003e-46
27.60353	1.321115762404e-46
27.666090000000004	1.3846440706809997e-46
27.7288	1.449825503569e-46
27.79165	1.516653825625e-46
27.85465	1.4430448078239996e-46
27.917790000000004	1.3504740858009999e-46
27.981070000000003	1.260776402649e-46
28.044490000000003	1.2304022852249998e-46
28.10806	1.2244971648999998e-46
28.171770000000002	1.218593002201e-46
28.23562	1.206502331281e-46
28.29962	1.189565411584e-46
28.363770000000002	1.1727070630559997e-46
28.42806	1.1524752491559997e-46
28.492490000000004	1.1279459543039999e-46
28.55708	1.1036237862249998e-46
28.6218	1.090190750884e-46
28.68668	1.0978932224159999e-46
28.7517	1.105639632036e-46
28.81687	1.106415770769e-46
28.88219	1.0871774116840002e-46
28.94766	1.0680623078410003e-46
29.013270000000002	1.0517938249e-46
29.07903	1.0463019063209998e-46
29.144940000000002	1.0408100804010004e-46
29.211009999999998	1.039215097561e-46
29.27722	1.0572281426560002e-46
29.34358	1.0754374430890004e-46
29.410090000000004	1.0882871041e-46
29.47675	1.0701695601000005e-46
29.54356	1.052165114001e-46
29.610529999999997	1.0447824453160002e-46
29.67765	1.0945930279839999e-46
29.744909999999997	1.1456705295999998e-46
29.812340000000003	1.1769754632249998e-46
29.87991	1.1155309789689997e-46
29.947640000000003	1.055593911241e-46
30.015520000000002	1.0091407936000004e-46
30.08355	1.0036613452409996e-46
30.151740000000004	9.9818382537225e-47
30.22008	9.879686079492096e-47
30.28858	9.6646693119025e-47
30.357229999999998	9.4515572935744e-47
30.426040000000004	9.232037050580101e-47
30.495009999999997	9.001108133188902e-47
30.56413	8.7726133285729e-47
30.633409999999998	8.722416821454399e-47
30.702840000000002	8.862947754832899e-47
30.772440000000003	9.004950947136402e-47
30.842190000000002	9.01476190521e-47
30.912090000000003	8.937603613209998e-47
30.982159999999997	8.860590565104102e-47
31.052390000000003	8.7763227449209e-47
31.122770000000003	8.68976331721e-47
31.193309999999997	8.603436227184102e-47
31.264020000000002	8.596089768010002e-47
31.33488	8.596996545600103e-47
31.40591	8.591002316275602e-47
31.477090000000004	8.508981364339599e-47
31.548440000000003	8.4271592161936e-47
31.61995	8.394572559609999e-47
31.69162	8.4893705033284e-47
31.76346	8.584928640912102e-47
31.83545	8.470997125520401e-47
31.90761	8.144511984302499e-47
31.979940000000003	7.8236979257889e-47
32.05242	7.7224673091049e-47
32.12507	7.703916962241601e-47
32.19789	7.685346842532098e-47
32.27087	7.5802567622089e-47
32.34402	7.473090724761597e-47
32.41733	7.3693365546256e-47
32.490809999999996	7.275330849802501e-47
32.56445	7.181726889304902e-47
32.63827	7.240049428710401e-47
32.71225	7.441829657281598e-47
32.786390000000004	7.646827400899601e-47
32.86071	7.4702693597184e-47
32.935190000000006	7.211272227024101e-47
33.009840000000004	6.979514721380104e-47
33.08467	6.902902867364102e-47
33.159659999999995	6.826551866702501e-47
33.23482	6.753013309958399e-47
33.31015	6.682666835856402e-47
33.38565	6.612529300851601e-47
33.46132	6.544175759366399e-47
33.53717	6.4763817474409e-47
33.61319	6.406885050720399e-47
33.689370000000004	6.328574799475601e-47
33.76574	6.2505531729936e-47
33.84227	6.23139729664e-47
33.91898	6.2599190161225e-47
33.99586	6.288567714240101e-47
34.07292	6.320094180960403e-47
34.15015	6.351924225081601e-47
34.22756	6.332804508366401e-47
34.30514	6.221696289952898e-47
34.38289	6.111330625e-47
34.46083	6.114752041734401e-47
34.538940000000004	6.150251626131601e-47
34.61723	6.163433836851598e-47
34.69569	6.0969908072329e-47
34.77434	6.030749432409999e-47
34.853159999999995	6.060989957569599e-47
34.932159999999996	6.138341724904902e-47
35.01133	6.182804281256099e-47
35.09069	6.027360917766402e-47
35.17023	5.873551648810002e-47
35.24995	5.793758108227601e-47
35.32985	5.757479989363598e-47
35.409929999999996	5.7395836608016e-47
35.490190000000005	5.8522469400004e-47
35.57063	5.966260136064901e-47
35.65126	5.936129261838398e-47
35.73207	5.823451137171601e-47
35.81306	5.7243009259921e-47
35.89424	5.691604000998399e-47
35.975590000000004	5.6589330217744e-47
36.057140000000004	5.6373397601284e-47
36.138870000000004	5.620470912040001e-47
36.22078	5.617315126562499e-47
36.30288	5.6547106287961e-47
36.38517	5.692317711502498e-47
36.46764	5.601869827009601e-47
36.5503	5.484174128144102e-47
36.633140000000004	5.4087817131364e-47
36.71618	5.395686974515599e-47
36.7994	5.382580227244902e-47
36.88281	5.42989186884e-47
36.966409999999996	5.477961175562498e-47
37.0502	5.4786139918756e-47
37.13418	5.447366967438401e-47
37.21835	5.402908580070399e-47
37.30271	5.3112888803881e-47
37.38726	5.220250351690002e-47
37.47201	5.262454930128399e-47
37.556940000000004	5.328713843841599e-47
37.642070000000004	1.316627733136e-46
37.72739	3.957712359999999e-46
37.812909999999995	6.639697251121e-46
37.89862	2.9556383248090006e-46
37.98452	7.391391118239999e-47
38.07062	4.911758645923599e-47
38.156909999999996	4.843338754810003e-47
38.2434	4.8001867442244e-47
38.33008	4.781903674716099e-47
38.416959999999996	4.772601819360402e-47
38.50404	4.800470810284899e-47
38.59131	4.828482081798401e-47
38.67879	4.751218069646402e-47
38.766459999999995	4.6629245330721e-47
38.85433	4.623745683496901e-47
38.9424	4.6146424989456e-47
39.03066	4.593601086732099e-47
39.11913	4.5501851196036e-47
39.2078	4.505412554416899e-47
39.29667	4.4456236337601e-47
39.38575	4.3860936772081e-47
39.47502	4.4096041035225e-47
39.56449	4.4491181169241e-47
39.65417	4.428169149360102e-47
39.74405	4.3676409268969015e-47
39.834140000000005	4.3442071923600003e-47
39.92443	4.381433817759999e-47
40.014920000000004	4.4119764037441e-47
40.10562	4.407495337660899e-47
40.196529999999996	4.4030059315225e-47
40.28764	4.3857519495000985e-47
40.37896	4.3679885573776e-47
40.47048	4.3650229076224004e-47
40.56222	4.3664831395968997e-47
40.65416	4.331743223360399e-47
40.7463	4.2719452864144014e-47
40.83866	4.1936374188900014e-47
40.93123	4.0900360924921003e-47
41.024	4.2271335692881e-47
41.11699	5.105392591120901e-47
41.210190000000004	5.8504156737601e-47
41.3036	4.898497915132902e-47
41.397220000000004	4.0291924198463996e-47
41.49105	3.9935675803023996e-47
41.5851	3.9821097676815994e-47
41.67935	3.9635271879024996e-47
41.77383	3.9436088993856005e-47
41.86851	3.9551256862441013e-47
41.963409999999996	3.9787697447000993e-47
42.05853	3.957398849779599e-47
42.153859999999995	3.907963937964099e-47
42.24941	3.8720327624356004e-47
42.34517	3.8486054986368993e-47
42.441159999999996	3.842954751064899e-47
42.53735	3.8610515077696007e-47
42.63377	3.8840977456009e-47
42.73041	3.9163440124900007e-47
42.827259999999995	3.928402568380899e-47
42.92434	3.888492726528401e-47
43.02163	3.8831754269168993e-47
43.11915	3.9998591909136e-47
43.216879999999996	4.0790639430025e-47
43.314840000000004	3.9705726357504003e-47
43.41302	3.8727160303225e-47
43.51142	3.8370541804816e-47
43.610040000000005	3.8039499458689003e-47
43.708890000000004	3.79269990801e-47
43.807970000000005	3.780217083240901e-47
43.90726	3.753748218265599e-47
44.00678	3.7263125548609e-47
44.10653	3.6852973542225003e-47
44.2065	3.647034230862401e-47
44.306709999999995	3.6464726191609e-47
44.40713	3.648436637244101e-47
44.50779	3.6836353935616005e-47
44.608670000000004	3.7083922377648997e-47
44.70978	3.6199246929560997e-47
44.81112	3.540239290008101e-47
44.9127	3.5252041899649005e-47
45.0145	3.5134651647601e-47
45.11653	3.521608265059599e-47
45.218790000000006	3.5262444891961007e-47
45.321290000000005	3.5151736632099997e-47
45.424009999999996	3.5024025972099994e-47
45.52697	3.4840651344408997e-47
45.63017	3.460634753665601e-47
45.73359	3.4249216312089e-47
45.83726	3.3968987637264e-47
45.94115	3.3824541596769007e-47
46.04528	3.388262069088399e-47
46.14965	3.4205888016399997e-47
46.254259999999995	3.4147076602499993e-47
46.3591	3.3732968544080987e-47
46.46418	3.3533978467609e-47
46.5695	3.347146641520899e-47
46.67505	3.3420273174728997e-47
46.78085	3.3373636568064006e-47
46.88688	3.3433281751104e-47
46.993159999999996	3.3516654473448997e-47
47.09968	3.3063224503969004e-47
47.20644	3.2609204939809006e-47
47.31344	3.2684283378289006e-47
47.42068	3.2722392681800993e-47
47.52817	3.2604533961443994e-47
47.63589	3.2486990469695998e-47
47.74387	3.2370091638784003e-47
47.852090000000004	3.236279814656099e-47
47.96055	3.2474121740449e-47
48.06926	3.2453302368400004e-47
48.17822	3.2356916162595993e-47
48.287420000000004	3.2091329936240996e-47
48.39687	3.1784247613503993e-47
48.50657	3.1614586609224995e-47
48.61651	3.1499774601156006e-47
48.72671	3.1672999527128997e-47
48.83716	3.1616149734975995e-47
48.94785	3.1105650635536007e-47
49.0588	3.075441138355601e-47
49.17	3.0542843327364003e-47
49.28145	3.0559314690304005e-47
49.39315	3.06601408656e-47
49.505109999999995	3.0508798169528996e-47
49.61732	3.0334120400163997e-47
49.72978	3.0121491773025e-47
49.84251	3.005661107688101e-47
49.95548	3.0236383532644004e-47
50.068709999999996	3.01896401401e-47
50.1822	2.999565589524101e-47
50.29594	2.9757526862116e-47
50.40995	2.9523020053081003e-47
50.52421	2.9408614466840995e-47
50.638729999999995	2.9312457153604004e-47
50.75351	2.9252077773361003e-47
50.86855	2.9337367294404e-47
50.98385	2.9522389769401e-47
51.09941	2.9283975092088996e-47
51.21524	2.9028507371721003e-47
51.33132	2.9111247594256e-47
51.44767	2.9053760143716005e-47
51.56429	2.8794052588081e-47
51.68116	2.85758670096e-47
51.79831	2.8375980801921e-47
51.91572	2.8399946305599997e-47
52.033390000000004	2.841705548522501e-47
52.15133	2.840839898220899e-47
52.26954	2.8260153696784005e-47
52.388020000000004	2.801451517987599e-47
52.50676	2.7884366719225005e-47
52.625769999999996	2.7841663310399995e-47
52.745059999999995	2.8069821225216005e-47
52.86461	2.8145698783503987e-47
52.98444	2.8091007009025e-47
53.104530000000004	2.8083831138724004e-47
53.2249	2.8233122845225e-47
53.34555	2.896236122556101e-47
53.46646	2.9005904518369e-47
53.58765	2.8483312824576e-47
53.709109999999995	2.8295303564889004e-47
53.83085	2.8194060996864004e-47
53.95287	2.8237522582201e-47
54.07516	2.87788258681e-47
54.19773000000001	2.9644540302400003e-47
54.32058000000001	2.8653335000161e-47
54.4437	2.8195675201600003e-47
54.56711	2.8753789409535996e-47
54.69079	2.8908429742336e-47
54.81476	2.8915505854595997e-47
54.939	2.8924723305241e-47
55.06353000000001	2.8443779559440993e-47
55.188340000000004	2.7502000735225e-47
55.313430000000004	2.7130743203524e-47
55.43881	2.6972951215400997e-47
55.56446999999999	2.7161233182736e-47
55.69041	2.688539682276899e-47
55.81664	2.6521119817956e-47
55.94316	2.6765578214116e-47
56.069959999999995	2.752229966889999e-47
56.19705	2.8716458783075988e-47
56.32443000000001	2.79429589321e-47
56.4521	2.7340903695609006e-47
56.580059999999996	2.7045335463168993e-47
56.7083	2.6655815207329e-47
56.83684	2.626864883702499e-47
56.965669999999996	2.5927567815744003e-47
57.09479	2.6241153702544e-47
57.2242	2.6783357469696e-47
57.35391	2.7268312716649e-47
57.483909999999995	2.7095616569024994e-47
57.61421	2.6624000424025003e-47
57.7448	2.66564657401e-47
57.87568	2.6535860782209007e-47
58.00686999999999	2.6396742226176006e-47
58.13835	2.7967111099236003e-47
58.27013	3.2747773069489e-47
58.40221	4.0823141711400993e-47
58.534580000000005	3.5995284154449005e-47
58.66726	3.1601678242369e-47
58.80024	2.762079529140099e-47
58.933519999999994	2.7958343629225e-47
59.0671	2.7804391902169006e-47
59.20098	2.7162807122024994e-47
59.33517	2.6185183185315997e-47
59.46966	2.6287031359744e-47
59.604459999999996	2.7432872769600005e-47
59.73956	2.9498042064100004e-47
59.87497	1.0563646176160003e-46
60.01068000000001	3.0701838136359995e-46
60.1467	7.524422648164897e-47
60.28304	2.70695440656e-47
60.41968000000001	2.6869024729155996e-47
60.556630000000006	2.5945270322500003e-47
60.69389	2.5437941308816e-47
60.83146	2.5126409390625004e-47
60.96934	2.4837764062499996e-47
61.10754	2.4829800668401e-47
61.24605	2.4898173897248993e-47
61.38486999999999	2.4959076760836e-47
61.52401	2.4887436990360994e-47
61.66346	2.4735891243361e-47
61.803230000000006	2.4516540210724e-47
61.94331	2.4642229240836004e-47
62.08371999999999	2.4994980252004e-47
62.22444	2.5285269174916e-47
62.365480000000005	2.453073302820099e-47
62.506840000000004	2.4129089906769005e-47
62.64852	2.394310286256101e-47
62.790519999999994	2.3954554246920997e-47
62.93285	2.37845437636e-47
63.07549	2.3620902497956e-47
63.21846	2.3513974472640998e-47
63.36176	2.3675055952804e-47
63.50538	2.3628300201024996e-47
63.649319999999996	2.3445496623025e-47
63.79359	2.3147549216099997e-47
63.938190000000006	2.2913463813601003e-47
64.08310999999999	2.2836394217536e-47
64.22837	2.2863402101761006e-47
64.37395	2.284745356980101e-47
64.51986	2.3989698693183997e-47
64.66611	2.4060555384336e-47
64.81268	2.2661493847280993e-47
64.95959	2.2754187918225e-47
65.10683	2.2736379719824e-47
65.2544	2.2896071880256e-47
65.40231	2.3420344054849003e-47
65.55055	2.2882178395024005e-47
65.69913000000001	2.2631551251169e-47
65.84805	2.2473838272963997e-47
65.9973	2.2213669807044e-47
66.1469	2.195406018625601e-47
66.29683	2.1879848208100006e-47
66.4471	2.2003726600968998e-47
66.59770999999999	2.2341626716249e-47
66.74866999999999	2.2162891231504007e-47
66.89996	2.2377885697728994e-47
67.0516	2.2563754017424e-47
67.20358	2.2284272066884004e-47
67.35591	2.1898955655423996e-47
67.50858000000001	2.1635205665956005e-47
67.6616	2.1468173157376002e-47
67.81496	2.1375873794025e-47
67.96866999999999	2.1320798328025e-47
68.12274000000001	2.1741358794168999e-47
68.27715	2.186595797102501e-47
68.43191	2.1535780923556004e-47
68.58700999999999	2.1085086422499998e-47
68.74248	2.0915868651769e-47
68.89829	2.0942777963584e-47
69.05445999999999	2.1082083459529003e-47
69.21098	2.1222624667203997e-47
69.36786	2.1071239676964e-47
69.52509	2.0778016840681e-47
69.68268	2.0652907435209003e-47
69.84063	2.0712502107800998e-47
69.99893	2.0772209983716004e-47
70.15759	2.0570733037009003e-47
70.31661	2.0631508164864005e-47
70.476	2.0667216146641002e-47
70.63574	2.0598962577664001e-47
70.79585	2.0633879257209003e-47
70.95631999999999	2.0381188789809e-47
71.11715	2.0361266423716e-47
71.27835	2.0336410987281004e-47
71.43991	2.0305856464804e-47
71.60184	2.0561155182481003e-47
71.76413000000001	2.0516089421961002e-47
71.9268	2.0426386437135995e-47
72.08983	2.0315356649536003e-47
72.25323	2.0226543796449001e-47
72.417	2.0196880880836007e-47
72.58115	2.0154577678225e-47
72.74566	2.03133194209e-47
72.91055	2.0132020344384e-47
73.07581	1.996607129228101e-47
73.24145	2.0018805680643996e-47
73.40746	2.0023414411009004e-47
73.57385	1.9712276902201005e-47
73.74061999999999	1.9765519980649e-47
73.90776	1.9698613409344007e-47
74.07528	1.9844236267968998e-47
74.24318000000001	2.0144630428728996e-47
74.41147	1.9777570051204002e-47
74.58013000000001	1.96741925136e-47
74.74918000000001	1.9646134300816001e-47
74.91861	1.9842142620304002e-47
75.08842	1.980954052568101e-47
75.25862	1.9517239580223996e-47
75.42921	1.9833012044328993e-47
75.60018000000001	2.2887507559921e-47
75.77154	2.0477923764516001e-47
75.94328	1.9931179869224997e-47
76.11542	1.996612491240901e-47
76.28795	1.9742994869480996e-47
76.46086	1.9293564293136004e-47
76.63417	1.9148010712336e-47
76.80787	1.9275568256024997e-47
76.98196999999999	1.8948417468484002e-47
77.15646	1.8991213967881009e-47
77.33135	1.9021487217768994e-47
77.50663	1.8998884630440998e-47
77.68231	1.8989880476643999e-47
77.85839	1.8951447262275998e-47
78.03487	1.8825818910129006e-47
78.21174	1.8897078443928996e-47
78.38902	1.8632690233600003e-47
78.5667	1.8657302748099998e-47
78.74478	1.8799525848963995e-47
78.92327	1.8720306929809002e-47
79.10216	1.8580755091600005e-47
79.28146	1.86761401281e-47
79.46115999999999	1.8857375730064002e-47
79.64126999999999	1.8695479925928992e-47
79.82179000000001	1.8424259937801e-47
80.00272	1.8427496511076e-47
80.18405	1.8478030737663996e-47
80.3658	1.8502076371215996e-47
80.54796	1.8362099150403993e-47
80.73054	1.8246190661135994e-47
80.91353000000001	1.8299119396009e-47
81.09693	1.8256187471076006e-47
81.28074000000001	1.8106012173456e-47
81.46498000000001	1.8041664012304005e-47
81.64963	1.8105654745475998e-47
81.8347	1.8339395132303994e-47
82.02019	1.80849469696e-47
82.2061	1.8087149904201e-47
82.39243	1.8343112488996002e-47
82.57919	1.8178506667876001e-47
82.76637	1.8026291164643995e-47
82.95397	1.7915943994729003e-47
83.14199	1.7794839502448997e-47
83.33045	1.7875704953088994e-47
83.51933000000001	1.8061777507225001e-47
83.70864	1.8007852396356003e-47
83.89838	1.7864468783043994e-47
84.08854000000001	1.7774976417444004e-47
84.27914	1.7740817640224994e-47
84.47017	1.7869169113636e-47
84.66164	1.7887562138161004e-47
84.85353	1.7608707090529e-47
85.04587	1.7485653112225e-47
85.23864	1.7508818397316e-47
85.43184000000001	1.7554708947555994e-47
85.62548000000001	1.7541722864655992e-47
85.81957	1.7423653447225003e-47
86.01409	1.7384621843169e-47
86.20905	1.7365922555536e-47
86.40446	1.7597823640576006e-47
86.60031	1.7274779814436e-47
86.7966	1.7331543155688999e-47
86.99334	1.7100259480515992e-47
87.19051999999999	1.7254527976449002e-47
87.38815	1.7317532936356002e-47
87.58623	1.7135750016224993e-47
87.78475	1.7209405090084003e-47
87.98373000000001	1.7248663228801e-47
88.18316	1.7260892272129002e-47
88.38304000000001	1.6972727321209e-47
88.58337	1.7132074306281004e-47
88.78416	1.6900690992025e-47
88.9854	1.6784786261775997e-47
89.1871	1.6824574557728995e-47
89.38925	1.6759738825956002e-47
89.59187	1.7682983752996001e-47
89.79494	1.6923811188736002e-47
89.99847	1.6872139520041003e-47
90.20246999999999	1.6576330531216005e-47
90.40692	1.6624032798564002e-47
90.61184	1.6573244550625e-47
90.81723000000001	1.6631446079888997e-47
91.02308000000001	1.6783819401636e-47
91.22939000000001	1.6669329330480996e-47
91.43618000000001	1.6840123883584003e-47
91.64343000000001	1.6965823243680993e-47
91.85116	1.6699179850369002e-47
92.05935	1.6802596215409003e-47
92.26801999999999	1.6593711837444004e-47
92.47715	1.6512747433743994e-47
92.68677	1.6454689247843999e-47
92.89686	1.6447623691488998e-47
93.10741999999999	1.6393583112201e-47
93.31846	1.6263112890024995e-47
93.52998000000001	1.6422602255360996e-47
93.74198	1.6286236855641003e-47
93.95446	1.62622660225e-47
94.16741999999999	1.6227837367641002e-47
94.38086	1.6117462798335996e-47
94.59479	1.6072425775849003e-47
94.80921	1.5986354910436e-47
95.0241	1.6072177216144003e-47
95.23949	1.6044374724849002e-47
95.45536	1.6016100048144005e-47
95.67173000000001	1.5990433430416e-47
95.88858	1.5907214908225003e-47
96.10593	1.5966593455683996e-47
96.32376	1.5924640943761e-47
96.5421	1.5844364328004006e-47
96.76092	1.5929214464164e-47
96.98024000000001	1.5771962360448998e-47
97.20006	1.5960152840256008e-47
97.42038000000001	1.5774257909124002e-47
97.6412	1.5647720718400002e-47
97.86251999999999	1.5651850762564002e-47
98.08434	1.5619552856964e-47
98.30666	1.5609041885584e-47
98.52948	1.5689623986169e-47
98.75282	1.5528809116920998e-47
98.97665	1.5463950650929005e-47
99.201	1.5506772882495996e-47
99.42585	1.5437174586288997e-47
99.65120999999999	1.5434856553284002e-47
99.87709	1.5489348793801003e-47
100.1035	1.5352432295523996e-47
100.3304	1.5263344089889e-47
100.5578	1.5221046805055998e-47
100.7857	1.5222724460161e-47
101.0142	1.5199128743235995e-47
101.2431	1.5149446588441003e-47
101.4726	1.5137888873535999e-47
101.7026	1.5105216490849002e-47
101.9331	1.5068270313369e-47
102.1642	1.5040551586224998e-47
102.3958	1.5058295772003998e-47
102.6278	1.5000764178724002e-47
102.8605	1.5013726310025002e-47
103.0936	1.4946481780623996e-47
103.3273	1.4927350869649001e-47
103.5615	1.4902896622328996e-47
103.7962	1.4943296310335998e-47
104.0315	1.4855096601361004e-47
104.2673	1.485485764e-47
104.5036	1.4859675780625003e-47
104.7405	1.4789639232900003e-47
104.9779	1.4816794849080997e-47
105.2159	1.4789723839081004e-47
105.4544	1.4745576960009002e-47
105.6934	1.4727181435201004e-47
105.933	1.4669175761296e-47
106.1731	1.4676246859681e-47
106.4137	1.4621989424641002e-47
106.6549	1.4634962871489004e-47
106.8967	1.4628735511008996e-47
107.139	1.4571977790275998e-47
107.3818	1.4587885109281002e-47
107.6252	1.4577353080900001e-47
107.8692	1.4554163960063998e-47
108.1137	1.4514088389696002e-47
108.3587	1.4482127080521e-47
108.6043	1.4469723680280998e-47
108.8505	1.4440478803969002e-47
109.0972	1.4376040980625e-47
109.3445	1.4394178009156e-47
109.5923	1.4391954830929002e-47
109.8407	1.4310582082489e-47
110.0897	1.43287232089e-47
110.3393	1.4295794636483998e-47
110.5894	1.4244857383696003e-47
110.84	1.4301950731263996e-47
111.0913	1.4259580706596002e-47
111.3431	1.4236728839281e-47
111.5954	1.4163006444128996e-47
111.8484	1.4154622881169002e-47
112.1019	1.4143029961283999e-47
112.356	1.4201999250915997e-47
112.6107	1.4073797268035997e-47
112.8659	1.4078194376463998e-47
113.1218	1.4089542988815999e-47
113.3782	1.4019325689120996e-47
113.6351	1.4041965002121e-47
113.8927	1.3966731109680993e-47
114.1509	1.3950307170120998e-47
114.4096	1.3929831888361003e-47
114.6689	1.3937140629504e-47
114.9288	1.3938984915024997e-47
115.1894	1.39758588649e-47
115.4504	1.3923801194521e-47
115.7121	1.3846354502761003e-47
115.9744	1.3906156977216e-47
116.2373	1.3785767500561002e-47
116.5007	1.3818021907600002e-47
116.7648	1.3845215879056003e-47
117.0295	1.3775729595488993e-47
117.2947	1.3746045644356002e-47
117.5606	1.3773354295008997e-47
117.8271	1.3675751309476e-47
118.0941	1.3750280010769005e-47
118.3618	1.3734139521599997e-47
118.6301	1.3662692830864001e-47
118.899	1.3585674515625e-47
119.1685	1.3560835710016e-47
119.4386	1.3555827966975998e-47
119.7093	1.3610381100624997e-47
119.9807	1.3523638502499997e-47
120.2526	1.3605511759224997e-47
120.5252	1.3564142800209003e-47
120.7984	1.34448355584e-47
121.0722	1.3508065310224003e-47
121.3466	1.3484090740761003e-47
121.6217	1.3399106509441003e-47
121.8973	1.3440149898561e-47
122.1736	1.3354149674889003e-47
122.4506	1.3434101545535994e-47
122.7281	1.3395739080361005e-47
123.0063	1.3297509230624996e-47
123.2851	1.3316500075684003e-47
123.5645	1.3316193546496002e-47
123.8446	1.3234993068048995e-47
124.1253	1.3276287344895999e-47
124.4067	1.3195317791295998e-47
124.6887	1.3284464985795997e-47
124.9713	1.3238856898576e-47
125.2546	1.3165105140625003e-47
125.5385	1.3149681810000996e-47
125.823	1.3181830001041e-47
126.1082	1.3106673458596003e-47
126.3941	1.3137855645923998e-47
126.6805	1.3149166887684e-47
126.9677	1.3046002205625003e-47
127.2555	1.3109417800249002e-47
127.5439	1.3108078178063998e-47
127.833	1.2974764202500002e-47
128.1228	1.2955514788129e-47
128.4132	1.2945373729023998e-47
128.7043	1.3022311518736005e-47
128.996	1.3055936890000001e-47
129.2884	1.3107650961600994e-47
129.5814	1.2868104281795998e-47
129.8751	1.2847873178448996e-47
130.1695	1.2829627931409e-47
130.4646	1.2829413021489e-47
130.7603	1.2804996657649002e-47
131.0567	1.2776907270400003e-47
131.3537	1.2759676940761006e-47
131.6515	1.2806499632689e-47
131.9499	1.2759334024440999e-47
132.2489	1.2900057472225e-47
132.5487	1.2733164542735998e-47
132.8492	1.2671079645315997e-47
133.1503	1.2653835471729e-47
133.4521	1.2637982340036001e-47
133.7546	1.2623332902489002e-47
134.0577	1.2701618428489e-47
134.3616	1.2645342248841001e-47
134.6661	1.2573151506495998e-47
134.9714	1.2841959610624002e-47
135.2773	1.2805111166929002e-47
135.5839	1.2516885002241e-47
135.8913	1.2503041409296e-47
136.1993	1.2487495075225004e-47
136.508	1.2472325697924004e-47
136.8174	1.2453318713476002e-47
137.1275	1.2434953900329e-47
137.4384	1.2417835971024997e-47
137.7499	1.2404547396081e-47
138.0621	1.2387992436964e-47
138.375	1.2370977217599997e-47
138.6887	1.2356117826128996e-47
139.003	1.2337136405476002e-47
139.3181	1.2322409688241e-47
139.6339	1.2306723512836e-47
139.9504	1.2446551153089e-47
140.2676	1.2274400138255997e-47
140.5856	1.2258695542563997e-47
140.9042	1.2239173393209e-47
141.2236	1.2224701075456e-47
141.5437	1.2208581070083997e-47
141.8645	1.2191933973025e-47
142.1861	1.2178599346225001e-47
142.5084	1.2160431326760997e-47
142.8314	1.2145705934760997e-47
143.1551	1.2131421354361e-47
143.4796	1.2114005548323997e-47
143.8048	1.2141447553764003e-47
144.1308	1.2093680894409004e-47
144.4575	1.2070392217009002e-47
144.7849	1.2052409268964003e-47
145.1131	1.2037555152323998e-47
145.442	1.2021829497000998e-47
145.7717	1.2004783603263994e-47
146.1021	1.1992057332025002e-47
146.4332	1.1975738517604003e-47
146.7652	1.1961305254144e-47
147.0978	1.1945885263523999e-47
147.4312	1.1965822497224998e-47
147.7654	1.1955495659584e-47
148.1003	1.1918789569599998e-47
148.436	1.1888676416015996e-47
148.7725	1.1873544531601006e-47
149.1097	1.1854717252624e-47
149.4477	1.1878720688703998e-47
149.7864	1.1864855811599997e-47
150.1259	1.1860708947843995e-47
150.4662	1.1877776352224997e-47
150.8073	1.1800475373124006e-47
151.1491	1.1774979497961e-47
151.4917	1.1752260416649002e-47
151.8351	1.1737736377444001e-47
152.1792	1.1726255107044002e-47
152.5242	1.1710761565800997e-47
152.8699	1.1695415060736001e-47
153.2164	1.1683742586200998e-47
153.5637	1.1684610812175998e-47
153.9118	1.1650555450681e-47
154.2606	1.1635882921881007e-47
154.6103	1.1620899195136003e-47
154.9607	1.1609223087361003e-47
155.3119	1.1593609593721e-47
155.664	1.1582015271696e-47
156.0168	1.1571331575556004e-47
156.3705	1.1552378456641e-47
156.7249	1.1537034217641002e-47
157.0801	1.1522066769888997e-47
157.4362	1.1509090175025003e-47
157.793	1.14965752356e-47
158.1507	1.1481939027001003e-47
158.5092	1.1469960413289002e-47
158.8684	1.1454400269225003e-47
159.2285	1.1440054759225001e-47
159.5895	1.1428206196968994e-47
159.9512	1.1416539472569e-47
160.3137	1.1401711196164e-47
160.6771	1.1386926300303998e-47
161.0413	1.13732166564e-47
161.4063	1.1361139855641e-47
161.7722	1.1350282284324006e-47
162.1389	1.1336554320400003e-47
162.5064	1.1320815788164e-47
162.8747	1.1323871089216004e-47
163.2439	1.1318972039424001e-47
163.6139	1.1281275455120997e-47
163.9848	1.1267971968400004e-47
164.3565	1.1255260072996e-47
164.729	1.1243225960463996e-47
165.1024	1.1230742512899998e-47
165.4766	1.1216778929315998e-47
165.8517	1.1205167097744e-47
166.2276	1.1192818551489e-47
166.6044	1.1204357038681e-47
166.982	1.1191460292496001e-47
167.3605	1.1180537000360995e-47
167.7399	1.1165087616400001e-47
168.1201	1.1150223248025e-47
168.5011	1.1143125249423997e-47
168.8831	1.1133873868516e-47
169.2659	1.1128402277476003e-47
169.6495	1.1128195451025e-47
170.0341	1.1104969737744e-47
170.4195	1.1073234556609004e-47
170.8058	1.1041970118916e-47
171.1929	1.1028556139328998e-47
171.581	1.1019870305161003e-47
171.9699	1.1004631886329004e-47
172.3596	1.0993581341649e-47
172.7503	1.1018861164089003e-47
173.1419	1.0968072228863999e-47
173.5343	1.0955186459044e-47
173.9277	1.0943743945689002e-47
174.3219	1.0932823216324001e-47
174.717	1.094154084e-47
175.1131	1.0909478702499999e-47
175.51	1.0896462358441002e-47
175.9078	1.0905145662436003e-47
176.3065	1.0873189692303998e-47
176.7062	1.0862798607376001e-47
177.1067	1.0851081633604002e-47
177.5081	1.0839673877956001e-47
177.9105	1.0827903574084e-47
178.3137	1.0816356725329002e-47
178.7179	1.0805506331928999e-47
179.123	1.0795975632729001e-47
179.529	1.0778588021776001e-47
179.9359	1.0879554705888996e-47
180.3438	1.0767710653561e-47
180.7526	1.0748208174916e-47
181.1623	1.0738191578724003e-47
181.5729	1.0724832464640996e-47
181.9844	1.0715573106225e-47
182.3969	1.0712542092004001e-47
182.8104	1.0693625952320998e-47
183.2247	1.0681954842276e-47
183.64	1.0670041849008998e-47
184.0563	1.0658847214521e-47
184.4735	1.0648774456515999e-47
184.8916	1.0638954351081e-47
185.3107	1.0626217804944e-47
185.7307	1.0614036210560999e-47
186.1517	1.0603092425120997e-47
186.5736	1.0593560300625e-47
186.9965	1.0583687614564001e-47
187.4204	1.0571601959999996e-47
187.8452	1.0563377518225001e-47
188.271	1.0567720144809e-47
188.6977	1.0546314705081001e-47
189.1255	1.0531667034009001e-47
189.5541	1.0521648076680998e-47
189.9838	1.0509228338435999e-47
190.4144	1.0499557051204003e-47
190.846	1.0489080529224998e-47
191.2786	1.0478453857935998e-47
191.7121	1.0476589403536e-47
192.1467	1.0461789711960997e-47
192.5822	1.0447226735088999e-47
193.0187	1.0437687409081e-47
193.4562	1.0432260469801002e-47
193.8947	1.0425427118648998e-47
194.3342	1.0407359889936e-47
194.7747	1.0399231846656e-47
195.2162	1.0389811162329002e-47
195.6587	1.0376954083583998e-47
196.1022	1.0368503040255996e-47
196.5467	1.0358162928099999e-47
196.9922	1.0348413441024998e-47
197.4387	1.0339408095025002e-47
197.8862	1.0328735407225e-47
198.3347	1.0318177444864002e-47
198.7843	1.0307477196676e-47
199.2349	1.0298284300836e-47
199.6865	1.0288415493136002e-47
200.1391	1.0288171720323999e-47
200.5927	1.0269871352896e-47
201.0474	1.0261323088899997e-47
201.5031	1.0263360507903999e-47
201.9598	1.0241625664516003e-47
202.4176	1.0235443706944002e-47
202.8764	1.0226244622499999e-47
203.3363	1.0215898997824e-47
203.7971	1.0207558535329e-47
204.2591	1.0195772658723999e-47
204.7221	1.0186125448041e-47
205.1861	1.0178964821601001e-47
205.6512	1.0169331945721e-47
206.1173	1.0159741879224998e-47
206.5845	1.0150353865444001e-47
207.0528	1.0141651683216001e-47
207.5221	1.0133220625984e-47
207.9925	1.0124035785241001e-47
208.4639	1.0115974635844e-47
208.9364	1.0106269889296e-47
209.41	1.0096944749761e-47
209.8847	1.0089529665604e-47
210.3604	1.0082930181769001e-47
210.8372	1.0075532943204e-47
211.3151	1.0065873000976001e-47
211.7941	1.0055608839364002e-47
212.2741	1.0048728820728999e-47
212.7553	1.0038574793641e-47
213.2375	1.00290655969e-47
213.7209	1.0022251650435998e-47
214.2053	1.0012579318756e-47
214.6908	1.0005005498760997e-47
215.1774	9.996751591695999e-48
215.6652	9.988008065161002e-48
216.154	9.979647447364004e-48
216.644	9.972142936899999e-48
217.135	9.964420282608998e-48
217.6272	9.956656443889e-48
218.1205	9.946788745608999e-48
218.6149	9.939126359044e-48
219.1104	9.931927038016002e-48
219.607	9.924875242129e-48
220.1048	9.915942783681e-48
220.6037	9.916610374225001e-48
221.1037	9.899820374404001e-48
221.6049	9.892270459204001e-48
222.1072	9.885710664024999e-48
222.6106	9.878285564675999e-48
223.1152	9.870247473024999e-48
223.6209	9.861760438336001e-48
224.1278	9.883151487504001e-48
224.6358	9.849680096400001e-48
225.145	9.842751683855998e-48
225.6553	9.891383533248998e-48
226.1668	1.0136996338225e-47
226.6794	9.975111555600002e-48
227.1932	9.896001015681002e-48
227.7082	9.846937308289e-48
228.2243	9.827428726129e-48
228.7416	9.818114091769e-48
229.2601	9.807695212175998e-48
229.7798	9.809248608784e-48
230.3006	9.823717386961002e-48
230.8226	9.820997019409002e-48
231.3458	9.806974928881001e-48
231.8702	9.825472662721002e-48
232.3957	9.849680096400001e-48
232.9225	9.829717316644002e-48
233.4504	9.839357400625e-48
233.9796	9.815344373024999e-48
234.51	9.867438997503998e-48
235.0415	9.8509355044e-48
235.5743	9.828419370961e-48
236.1082	9.814003518361e-48
236.6434	9.789933858768998e-48
237.1798	9.775496243241002e-48
237.7174	9.744736182336e-48
238.2562	9.706782656040999e-48
238.7962	9.701524284529e-48
239.3375	9.696591184224998e-48
239.88	9.699045120241002e-48
240.4237	9.687550425289002e-48
240.9687	9.673891442943998e-48
241.5149	9.668094734736e-48
242.0623	9.668405672836003e-48
242.611	9.616480092025002e-48
243.1609	9.612877015296002e-48
243.712	9.669898245316003e-48
244.2645	9.599809902736e-48
244.8181	9.594543420036001e-48
245.373	9.587408093316002e-48
245.9292	9.581259720321003e-48
246.4866	9.575367059281002e-48
247.0453	9.569290604329002e-48
247.6053	9.565479881721e-48
248.1665	9.559814691025e-48
248.729	9.552599569983997e-48
249.2928	9.549144448561e-48
249.8579	9.540283900224998e-48
250.4242	9.534286519696e-48
250.9918	9.532044934800999e-48
251.5607	9.526118046480998e-48
252.1309	9.643093040889003e-48
252.7024	9.6531383025e-48
253.2752	9.608171087024999e-48
253.8493	9.635573390884003e-48
254.4247	9.636467398756e-48
255.0014	9.600863372676e-48
255.5794	9.613379297024998e-48
256.1587	9.481669709824003e-48
256.7393	9.477642502084e-48
257.3212	9.472255756209001e-48
257.9045	9.535181992281e-48
258.4891	1.0157976116964e-47
259.075	9.459844370596001e-48
259.6622	9.451578732963997e-48
260.2508	9.663145273599999e-48
260.8407	9.688098230040998e-48
261.4319	9.638174820680998e-48
262.0245	9.770150524175999e-48
262.6184	9.831096869764003e-48
263.2136	9.699562105743996e-48
263.8102	9.418834656143998e-48
264.4082	9.947312292095998e-48
265.0075	9.409728030784e-48
265.6082	9.405869476201002e-48
266.2102	9.400270152195999e-48
266.8137	9.955678288644002e-48
267.4184	9.391147992004e-48
268.0246	9.387575127225001e-48
268.6321	9.384223503424e-48
269.241	9.377264821823998e-48
269.8512	9.374159975625e-48
270.4629	9.371765859556e-48
271.0759	9.366911212680999e-48
271.6904	9.363281762703997e-48
272.3062	9.360986942328998e-48
272.9234	9.356239087208999e-48
273.5421	9.351938912836002e-48
274.1621	9.717266266008999e-48
274.7835	9.342076103361001e-48
275.4063	9.337583616516002e-48
276.0306	9.337094703555998e-48
276.6562	9.333226631089004e-48
277.2833	9.377914026243999e-48
277.9118	9.326781624483999e-48
278.5418	9.320198410000002e-48
279.1731	9.315967570849001e-48
279.8059	9.314691792003998e-48
280.4401	9.311078576836002e-48
281.0758	9.306489827716e-48
281.7129	9.303152711448999e-48
282.3514	9.299797896248999e-48
282.9914	9.295827796836001e-48
283.6329	9.293474190400001e-48
284.2758	9.290864840464001e-48
284.9201	9.288627675624997e-48
285.5659	9.284842786816002e-48
286.2132	9.281399878521001e-48
286.8619	9.277232681024997e-48
287.5121	9.275679359999999e-48
288.1638	9.271598704899999e-48
288.817	9.268036479025001e-48
289.4716	9.265662042025e-48
290.1278	9.596445382968998e-48
290.7854	9.630607435684e-48
291.4445	9.258583155264002e-48
292.1051	9.255394583823998e-48
292.7672	9.252498571263998e-48
293.4308	9.251506973641e-48
294.0959	9.247972938304001e-48
294.7625	9.244062564024997e-48
295.4306	9.241970883721003e-48
296.1003	9.239605867584e-48
296.7714	9.237058798009e-48
297.4441	9.236688012863998e-48
298.1183	9.234858509881e-48
298.794	9.232822565136003e-48
299.4713	9.230683545616e-48
300.1501	9.262709640899999e-48
300.8304	9.224377311556e-48
301.5123	9.221814121535999e-48
302.1957	9.220052894115999e-48
302.8807	9.266532633604001e-48
303.5672	9.328559124361e-48
304.2553	9.214897716025e-48
304.9449	9.212687928081e-48
305.6361	6.382292265562501e-47
306.3289	1.1898387955216004e-45
307.0232	9.211637764623998e-48
307.7191	9.210787965183999e-48
308.4166	9.203954575204e-48
309.1157	9.202819968225002e-48
309.8163	9.201976642575998e-48
310.5186	9.199974657315998e-48
311.2224	9.198591594723999e-48
311.9279	9.197760593961e-48
312.6349	9.196135095169002e-48
313.3435	9.194952453123999e-48
314.0538	9.193988201281e-48
314.7656	9.205568628624e-48
315.4791	9.200969556099999e-48
316.1941	9.190859279448998e-48
316.9108	9.191071495683998e-48
317.6292	9.200854290681e-48
318.3491	9.187021620099999e-48
319.0707	9.186742769296001e-48
319.7939	9.186276006769001e-48
320.5188	9.185681962520999e-48
321.2453	9.184190874849003e-48
321.9734	9.183021122499998e-48
322.7032	9.185900180625e-48
323.4347	9.187324723599998e-48
324.1678	9.182463546564002e-48
324.9026	9.182172644100001e-48
325.639	9.182869605624998e-48
326.3771	9.182245369284e-48
327.1169	9.180918180008996e-48
327.8583	9.180681841295999e-48
328.6015	9.180239471881002e-48
329.3463	9.180390967056001e-48
330.0928	9.180439445776002e-48
330.841	9.180475804899997e-48
331.5909	9.180445505625e-48
332.3425	9.180518223969e-48
333.0958	9.180784860361004e-48
333.8508	9.193102832169e-48
334.6076	9.184033287288997e-48
335.366	9.190234771599999e-48
336.1261	9.183930249999999e-48
336.888	9.181627214399999e-48
337.6516	9.234730876899999e-48
338.417	9.250843910400002e-48
339.184	9.239915916728998e-48
339.9529	9.246495048024999e-48
340.7234	9.257110502499999e-48
341.4957	9.256459408248999e-48
342.2697	9.256447238481001e-48
343.0455	9.258875265600002e-48
343.8231	9.264730615203998e-48
344.6024	9.255546697848999e-48
345.3835	9.260354144889002e-48
346.1664	9.259033493955998e-48
346.951	9.250004469924e-48
347.7374	9.258065887849002e-48
348.5256	9.2613096976e-48
349.3156	9.247918199520999e-48
350.1074	9.249390120961002e-48
350.901	9.242980211529002e-48
351.6963	9.242907246225004e-48
352.4935	9.233600451856e-48
353.2925	9.217217064169001e-48
354.0933	9.205234884169e-48
354.8959	9.240256368841002e-48
355.7003	9.321150939136001e-48
356.5065	9.437577220096e-48
357.3146	9.422898466276002e-48
358.1245	9.421026058160998e-48
358.9363	9.387379037688998e-48
359.7498	9.391019283529e-48
360.5653	9.347963813136002e-48
361.3825	9.338048095683999e-48
362.2017	9.329695347025001e-48
363.0226	9.360791130680998e-48
363.8455	9.393299392801e-48
364.6702	9.369659780100002e-48
365.4968	9.339936689161002e-48
366.3252	9.336196359361e-48
367.1556	9.323990497441001e-48
367.9878	9.343219262224002e-48
368.8219	9.355474403583999e-48
369.6578	9.347187238489001e-48
370.4957	9.375121381923999e-48
371.3355	9.381944496015999e-48
372.1772	9.331350935075999e-48
373.0208	9.363483720361001e-48
373.8663	9.367688606224e-48
374.7137	9.355364291716001e-48
375.5631	9.449826439248998e-48
376.4143	9.271464728464002e-48
377.2675	9.273297853680999e-48
378.1227	9.275350438115998e-48
378.9797	9.279724357695999e-48
379.8387	9.282716030025e-48
380.6997	9.286524864400001e-48
381.5626	9.371263807504003e-48
382.4275	9.293138856224999e-48
383.2943	9.297059595664003e-48
384.1631	9.301609421316e-48
385.0338	9.306691171969e-48
385.9066	9.309229516608998e-48
386.7813	9.370406676544e-48
387.658	9.317829510144001e-48
388.5367	9.320051871376e-48
389.4173	9.324185923808999e-48
390.3	9.326280778816e-48
391.1847	9.330575050800998e-48
392.0714	9.335420273664e-48
392.9601	9.339857229924003e-48
393.8508	9.345359052324e-48
394.7435	9.404231823424e-48
395.6382	9.362486193123998e-48
396.535	9.371894436025001e-48
397.4338	9.408366097636003e-48
398.3346	9.400914020281002e-48
399.2375	9.387630277775998e-48
400.1424	9.376254312488999e-48
401.0494	9.380725463209003e-48
401.9585	9.386018722921e-48
402.8696	9.392606749696e-48
403.7827	9.395904695076001e-48
404.6979	9.401723485729001e-48
405.6153	9.406439928063998e-48
406.5346	9.411409111203998e-48
407.4561	9.417373863076004e-48
408.3797	9.422892326929002e-48
409.3053	9.428934411649e-48
410.2331	9.434867854128998e-48
411.1629	9.440766291889002e-48
412.0949	9.445984258624e-48
413.029	9.449857179844001e-48
413.9651	9.455182205183998e-48
414.9035	9.462440427663999e-48
415.8439	9.468365939040999e-48
416.7865	9.474865828128997e-48
417.7312	9.480801386280998e-48
418.678	9.485956485183999e-48
419.627	9.496936524099998e-48
420.5782	9.501232913649001e-48
421.5315	9.506609391841001e-48
422.4869	9.512857141264e-48
423.4445	9.519039066436e-48
424.4044	9.524186032383998e-48
425.3663	9.531550957040997e-48
426.3305	9.594636345440998e-48
427.2968	9.570497078884002e-48
428.2653	9.553279542244003e-48
429.2361	9.558404838888999e-48
430.209	9.565244829528998e-48
431.1841	9.573504315664004e-48
432.1615	9.610669611664002e-48
433.141	9.630576402489001e-48
434.1228	9.613844384400003e-48
435.1068	1.0242848198025002e-47
436.093	9.695644571089001e-48
437.0815	9.700969871044001e-48
438.0722	9.731610919809e-48
439.0652	9.779423620849e-48
440.0604	9.750924286609e-48
441.0578	9.799704680704001e-48
442.0575	9.827961661764002e-48
443.0595	9.827441265624999e-48
444.0638	9.949879761649e-48
445.0703	9.845663328399999e-48
446.0791	9.845512715535998e-48
447.0902	9.806430036484e-48
448.1036	9.862639754255998e-48
449.1193	9.798753047616001e-48
450.1373	9.866678830129002e-48
451.1576	9.831021618915998e-48
452.1802	9.839959670640997e-48
453.2052	9.858281244100002e-48
454.2324	9.755034123024996e-48
455.262	9.838203101281001e-48
456.2939	9.873684786563998e-48
457.3282	9.873376849249e-48
458.3648	9.868318566543999e-48
459.4037	9.880051995024997e-48
460.445	9.890609864356002e-48
461.4887	9.895510278369003e-48
462.5347	9.943824344689001e-48
463.5831	9.946019220360999e-48
464.6339	1.05099804481e-47
465.6871	1.1822505161769003e-47
466.7426	1.0131075214224999e-47
467.8005	1.0018212504336002e-47
468.8609	9.970759837801e-48
469.9236	1.0008864815040999e-47
470.9888	9.983666173636003e-48
472.0563	1.0020814431488998e-47
473.1263	1.0014737464448999e-47
474.1987	1.0077177244848998e-47
475.2736	1.0081285410816002e-47
476.3508	9.952012211761003e-48
477.4306	9.963378616324001e-48
478.5127	9.975237889599999e-48
479.5974	9.988842423169e-48
480.6844	1.0173446093055999e-47
481.774	1.0184370159615998e-47
482.866	1.0196558172025002e-47
483.9605	1.0258344208225001e-47
485.0574	1.0235693252929001e-47
486.1569	1.0350247152400002e-47
487.2588	1.0379930804099998e-47
488.3633	1.0514545552996001e-47
489.4702	1.0422624671281002e-47
490.5797	1.0464422735375998e-47
491.6916	1.0507309284004001e-47
492.8061	1.0691251983503999e-47
493.9232	1.0755776159999999e-47
495.0427	1.1106382725375997e-47
496.1648	1.9794072596809e-47
497.2894	1.1545969060096001e-47
498.4166	1.0870657396624e-47
499.5463	1.0794227698849001e-47
500.6786	1.0779592666441e-47
501.8135	1.0779014825881001e-47
502.9509	1.0784741384168997e-47
504.0909	1.0792447054595997e-47
505.2335	1.0801101969008999e-47
506.3787	1.0812081677929003e-47
507.5265	1.0828074684816001e-47
508.6769	1.0514208323844001e-47
509.8298	1.0527714686736e-47
510.9855	1.0540327148569001e-47
512.1437	1.0553739817103998e-47
513.3045	1.0567148011225003e-47
514.468	1.0581202271375997e-47
515.6341	1.0591503382681e-47
516.8029	1.0623747029281003e-47
517.9743	1.0621224396484001e-47
519.1483	1.0635360216100001e-47
520.3251	1.0676405945529e-47
521.5045	1.0678732515889e-47
522.6865	1.0653004043236e-47
523.8713	1.0727956926736001e-47
525.0587	1.0655223606756e-47
526.2488	1.0680405711920998e-47
527.4416	1.0631421063396001e-47
528.6372	1.0688701732163999e-47
529.8354	1.0700199885456e-47
531.0363	1.0720038577609e-47
532.24	1.0861513253760997e-47
533.4464	1.0874739549969002e-47
534.6555	1.0780124556099998e-47
535.8674	1.0887195180625e-47
537.082	1.0888746036100002e-47
538.2994	1.0903573827136e-47
539.5195	1.0917195757923998e-47
540.7424	1.07425962081e-47
541.9681	1.0757514418225001e-47
543.1966	1.0771044833328999e-47
544.4278	1.0804605665296e-47
545.6618	1.0809293487001e-47
546.8986	1.0819402389796003e-47
548.1383	1.0866002435044001e-47
549.3807	1.0956795111025e-47
550.6259	1.1054029057599997e-47
551.874	1.1093022923161002e-47
553.1249	1.1075643904081e-47
554.3787	1.1199738253201e-47
555.6352	1.1321805014521002e-47
556.8947	1.1415836685289002e-47
558.1569	1.1468856364899998e-47
559.4221	1.1505100934889e-47
560.6901	1.1596306462225001e-47
561.961	1.1568998150329007e-47
563.2347	1.1615902220521003e-47
564.5114	1.1469181477924e-47
565.7909	1.1441292720004005e-47
567.0734	1.1364375889881001e-47
568.3587	1.1244600770208997e-47
569.647	1.1081222349409005e-47
570.9382	1.1107675821124005e-47
572.2323	1.1192450542144e-47
573.5294	1.13309658225e-47
574.8293	1.1480522677264001e-47
576.1323	1.1664636114609e-47
577.4382	1.1739805795599998e-47
578.747	1.1646057167423998e-47
580.0588	1.1724063617764e-47
581.3736	1.1631476145024998e-47
582.6914	1.1624158374084003e-47
584.0121	1.1641293620356e-47
585.3359	1.1498643631224998e-47
586.6626	1.1644862776848998e-47
587.9924	1.1646705576529e-47
589.3252	1.1875749946641003e-47
590.6609	1.1589844036996e-47
591.9998	1.1535933738680995e-47
593.3416	1.1550896592921002e-47
594.6865	1.1546764190809002e-47
596.0344	1.1610320241663999e-47
597.3854	1.1620974192025004e-47
598.7395	1.1642317223055998e-47
600.0966	1.1904004247524e-47
601.4568	1.1920432949604005e-47
602.8201	1.1940874180249e-47
604.1865	1.1874385321929004e-47
605.556	1.1977025894655998e-47
606.9286	1.1939070447616e-47
608.3043	1.1864745586575996e-47
609.6831	1.1775254017080998e-47
611.065	1.1776118773225003e-47
612.4501	1.1699731317168999e-47
613.8383	1.1915744782561e-47
615.2296	1.1994765515716e-47
616.6241	1.2039921479880997e-47
618.0218	1.2012726219843999e-47
619.4226	1.2020657594724002e-47
620.8266	1.1981594565136001e-47
622.2338	1.1945276965636e-47
623.6442	1.1966126905680998e-47
625.0578	1.1984287719889e-47
626.4746	1.2010494259455998e-47
627.8946	1.1988622326680996e-47
629.3178	1.2023084674624e-47
630.7442	1.2061833190225003e-47
632.1739	1.2120333956329e-47
633.6068	1.2151310572129e-47
635.043	1.2164065240803995e-47
636.4824	1.2170469504399998e-47
637.9251	1.2160375531929e-47
639.371	1.2170992803024997e-47
640.8202	1.2191605755904005e-47
642.2728	1.2232289405961001e-47
643.7286	1.2291313774609002e-47
645.1877	1.2287794106024997e-47
646.6501	1.2351850830399998e-47
648.1158	1.2400772089729002e-47
649.5848	1.2400596016704e-47
651.0572	1.2393378098929e-47
652.5329	1.2386929523049003e-47
654.012	1.2413833148928998e-47
655.4944	1.2441196275264004e-47
656.9802	1.2452034217536e-47
658.4693	1.2476359131720996e-47
659.9618	1.2500721924496002e-47
661.4577	1.2526205620643997e-47
662.957	1.2554188289720998e-47
664.4597	1.2578477958225002e-47
665.9658	1.2605752009764004e-47
667.4753	1.2648265473600003e-47
668.9882	1.2660040029024998e-47
670.5046	1.2709823927055995e-47
672.0244	1.2711934544400004e-47
673.5476	1.2737068623409e-47
675.0743	1.27648283841e-47
676.6045	1.2791595453156e-47
678.1381	1.2822014054655995e-47
679.6752	1.2873105343921e-47
681.2158	1.2937775935744003e-47
682.7599	1.3041242122756004e-47
684.3074	1.3132716440281e-47
685.8585	1.3019966005761e-47
687.4131	1.3027934392929006e-47
688.9712	1.3179157956721e-47
690.5329	1.3104566520529002e-47
692.0981	1.3119427305625002e-47
693.6668	1.3149137878276003e-47
695.2391	1.31801672025e-47
696.815	1.3260034293489e-47
698.3944	1.3307291143056002e-47
699.9774	1.3310902824921e-47
701.564	1.3333291584483999e-47
703.1542	1.3368515064804007e-47
704.748	1.3414975721315998e-47
706.3454	1.3444527555684004e-47
707.9465	1.3451641851904003e-47
709.5511	1.34840980849e-47
711.1594	1.3512542235481e-47
712.7714	1.3535901899688998e-47
714.3869	1.3563855531395996e-47
716.0062	1.3634644870143998e-47
717.6291	1.3676868150625002e-47
719.2558	1.3713845774840995e-47
720.886	1.3712031256576e-47
722.52	1.3741908312064e-47
724.1577	1.3782604275048998e-47
725.7992	1.3742775765625e-47
727.4443	1.3852539610000004e-47
729.0931	1.3881026775625e-47
730.7457	1.3904456561424001e-47
732.4021	1.3944742558756001e-47
734.0622	1.3981429680624998e-47
735.726	1.4027287071203996e-47
737.3936	1.4048883297855998e-47
739.0651	1.4086975640643999e-47
740.7402	1.4124397963536006e-47
742.4193	1.4132599642224995e-47
744.102	1.4159747547136002e-47
745.7887	1.4192707517040998e-47
747.4791	1.4185535444160997e-47
749.1734	1.4220780392024997e-47
750.8715	1.4288672161295998e-47
752.5734	1.43584913476e-47
754.2793	1.43810083729e-47
755.9889	1.4432454186049e-47
757.7025	1.4449334307983998e-47
759.4199	1.4500764992169002e-47
761.1413	1.4538145403663997e-47
762.8665	1.4554171590049e-47
764.5956	1.4636041701264001e-47
766.3287	1.4654357266201e-47
768.0657	1.4705783075344002e-47
769.8066	1.4720243869808998e-47
771.5515	1.4741483807295998e-47
773.3003	1.4769586706883996e-47
775.0531	1.4781364379716005e-47
776.8099	1.4819404761604003e-47
778.5707	1.4862728958841e-47
780.3354	1.4900943310276e-47
782.1042	1.4939152614399996e-47
783.8769	1.49783706361e-47
785.6537	1.5038790928143999e-47
787.4345	1.5121373281641003e-47
789.2193	1.5097747478723996e-47
791.0082	1.5148847191103996e-47
792.8011	1.5188370495076005e-47
794.5981	1.5236352004129e-47
796.3992	1.5292002429000996e-47
798.2043	1.5300293810480996e-47
800.0136	1.5483327832995998e-47
801.8269	1.5483154698496002e-47
803.6444	1.5452540864784003e-47
805.466	1.5467112480625e-47
807.2917	1.5538110469281e-47
809.1215	1.5582685195081005e-47
810.9555	1.5593566379161003e-47
812.7936	1.5634796095396003e-47
814.636	1.5746222358801002e-47
816.4824	1.5755969645641e-47
818.3331	1.5835473143161e-47
820.188	1.5864432388324e-47
822.0471	1.5963277095649e-47
823.9104	1.5988426093808999e-47
825.7779	1.6012026259008993e-47
827.6496	1.6079233851663994e-47
829.5256	1.6090495599616e-47
831.4058	1.6080773687055997e-47
833.2903	1.6122128166169e-47
835.1791	1.6168899397248998e-47
837.0722	1.6213749156900002e-47
838.9695	1.6259983622688998e-47
840.8711	1.6304499121689e-47
842.7771	1.6349156341280997e-47
844.6874	1.6396563237289e-47
846.602	1.6444152309320995e-47
848.5209	1.64920458816e-47
850.4442	1.6539846420241002e-47
852.3719	1.6586640928899995e-47
854.3039	1.6707705300035994e-47
856.2403	1.6675658285055993e-47
858.1811	1.672630862796099e-47
860.1263	1.6777682947249002e-47
862.0759	1.6826034822025004e-47
864.0299	1.6872427051235998e-47
865.9884	1.6921688505604003e-47
867.9512	1.6971268944399994e-47
869.9186	1.7025163336336e-47
871.8904	1.7070944890000008e-47
873.8666	1.7123606772623995e-47
875.8474	1.7174534543089003e-47
877.8326	1.7225454926736002e-47
879.8224	1.7278154889999997e-47
881.8166	1.7326056601764e-47
883.8154	1.7375491865664e-47
885.8187	1.7432503800625006e-47
887.8265	1.7478561863169005e-47
889.8389	1.7530098114815998e-47
891.8558	1.7581383176256002e-47
893.8773	1.7633121070761e-47
895.9035	1.7686776969225e-47
897.9341	1.7738492700681e-47
899.9694	1.7792831604025e-47
902.0094	1.7854064315648997e-47
904.0539	1.7902063352888998e-47
906.1031	1.7952999461604e-47
908.1569	1.8013250616803998e-47
910.2153	1.8066061675561004e-47
912.2785	1.8118839364129005e-47
914.3463	1.8174831608025e-47
916.4188	1.8231823975876002e-47
918.496	1.8294131882895998e-47
920.5779	1.8358037098383994e-47
922.6645	1.8408167144675998e-47
924.7558	1.8463383985216003e-47
926.8519	1.8537244140099998e-47
928.9528	1.8588187205603995e-47
931.0584	1.8640003203649e-47
933.1688	1.8703073337025008e-47
935.2839	1.87629318244e-47
937.4039	1.881997924e-47
939.5286	1.8882527232409e-47
941.6582	1.8944012510783996e-47
943.7926	1.9009626160008995e-47
945.9319	1.9069850545215996e-47
948.076	1.9127204853156005e-47
950.2249	1.920074964195601e-47
952.3787	1.9261170450025006e-47
954.5374	1.9330997270208996e-47
956.701	1.9380650303715999e-47
958.8695	1.9471224089640997e-47
961.0429	1.9529222579344e-47
963.2213	1.9614535168900004e-47
965.4046	1.9684537599075997e-47
967.5928	1.9744203468024996e-47
969.786	1.9922876885025e-47
971.9841	2.0011441762225002e-47
974.1873	2.0034692376169e-47
976.3954	2.00191815184e-47
978.6086	2.0060160026448996e-47
980.8267	2.0120409994084006e-47
983.0499	2.0155008661488999e-47
985.2781	2.0248551025920998e-47
987.5114	2.0296574749584002e-47
989.7497	2.0418125524164002e-47
991.9931	2.0555315237209e-47
994.2416	2.0546239577616003e-47
996.4952	2.0587599470735997e-47
998.7539	2.0751678270800994e-47
1001.018	2.0950549289329005e-47
1003.2869999999999	2.0938632015624998e-47
1005.561	2.0967653112025001e-47
1007.84	2.1123905405625e-47
1010.125	2.1428640875664003e-47
1012.414	2.1331512146025e-47
1014.709	2.1485727972899995e-47
1017.0089999999999	2.1290278711320998e-47
1019.314	2.1360369705984e-47
1021.6239999999999	2.13006248676e-47
1023.94	2.1352051405583993e-47
1026.261	2.1428789007375998e-47
1028.587	2.1467737622240997e-47
1030.9189999999999	2.1590175989529e-47
1033.255	2.1623244006400006e-47
1035.597	2.1690992854880998e-47
1037.945	2.1762364950225008e-47
1040.297	2.1834443034755994e-47
1042.655	2.1916554606144e-47
1045.019	2.198740559932901e-47
1047.387	2.2061874758048997e-47
1049.761	2.2144685402596005e-47
1052.141	2.2216243254921e-47
1054.526	2.2298653401024995e-47
1056.9160000000002	2.2396139791936e-47
1059.312	2.2480067929225004e-47
1061.713	2.2554416224201e-47
1064.119	2.2624387380099993e-47
1066.531	2.269553402428901e-47
1068.9489999999998	2.2767851635489005e-47
1071.371	2.2869494226435995e-47
1073.8	2.3017723787041005e-47
1076.234	2.3154054401956e-47
1078.673	2.3158154293263997e-47
1081.118	2.3523508810816e-47
1083.569	2.3811189068241e-47
1086.025	2.4817882880025007e-47
1088.486	2.4867605748048995e-47
1090.954	2.4390866341521004e-47
1093.427	2.4962364175224994e-47
1095.905	2.4321280218920997e-47
1098.389	2.4086667705489003e-47
1100.879	2.4079061189763993e-47
1103.374	2.4175364754024993e-47
1105.875	2.4182416023844e-47
1108.381	2.4273368093601005e-47
1110.894	2.4255152202303996e-47
1113.412	2.4332871002895994e-47
1115.935	2.4412631155396e-47
1118.465	2.4462460970116004e-47
1121.0	2.4564701525841e-47
1123.5410000000002	2.459994338788901e-47
1126.088	2.468429305224099e-47
1128.64	2.4765193943296e-47
1131.198	2.4846685776024992e-47
1133.762	2.4915571402500005e-47
1136.3319999999999	2.5003190101761003e-47
1138.9080000000001	2.5096472891043997e-47
1141.489	2.5174011751640996e-47
1144.077	2.5248102513000997e-47
1146.67	2.5332407663161e-47
1149.269	2.5432393646915997e-47
1151.874	2.55248258841e-47
1154.485	2.5588290729169007e-47
1157.1019999999999	2.5678775860929006e-47
1159.724	2.5781493692304005e-47
1162.353	2.5878993379599995e-47
1164.988	2.5971009822976e-47
1167.628	2.6057829367968995e-47
1170.275	2.6146256182281005e-47
1172.928	2.6249412002724e-47
1175.586	2.6338532523664e-47
1178.251	2.6438888799376e-47
1180.921	2.6530421291361e-47
1183.598	2.6623907546896003e-47
1186.281	2.6718633366048994e-47
1188.97	2.6819410132516005e-47
1191.665	2.6907770052900003e-47
1194.366	2.7011064545089006e-47
1197.073	2.7097469703529005e-47
1199.786	2.7182594698249e-47
1202.506	2.728024085640099e-47
1205.232	2.7386183378761004e-47
1207.963	2.747758899664901e-47
1210.701	2.7571562244769003e-47
1213.4460000000001	2.7668978137160995e-47
1216.1960000000001	2.776859984646399e-47
1218.953	2.787117742785601e-47
1221.7160000000001	2.7984904085776e-47
1224.485	2.808276066648899e-47
1227.26	2.8186011902500003e-47
1230.042	2.8291612068195997e-47
1232.83	2.840087358700901e-47
1235.625	2.8505924740836007e-47
1238.425	2.8619525477284e-47
1241.232	2.871068231522499e-47
1244.046	2.8823852376224995e-47
1246.866	2.8957012093584e-47
1249.692	2.9064239547876e-47
1252.524	2.9174149716099995e-47
1255.363	2.9276042418755996e-47
1258.2089999999998	2.9385842398640996e-47
1261.0610000000001	2.9502235107216e-47
1263.9189999999999	2.9605732443224997e-47
1266.7839999999999	2.9711275148024993e-47
1269.655	2.98125828081e-47
1272.5330000000001	2.99398291929e-47
1275.4180000000001	3.00630696804e-47
1278.309	3.01595377329e-47
1281.2060000000001	3.0279916392961007e-47
1284.11	3.0378351862335993e-47
1287.021	3.050605858644099e-47
1289.938	3.0624857164729006e-47
1292.862	3.07367121649e-47
1295.792	3.0860758120516e-47
1298.729	3.0980623168575996e-47
1301.673	3.1094229488399995e-47
1304.623	3.1199385380881004e-47
1307.5810000000001	3.1309418812323997e-47
1310.5439999999999	3.1434759702240993e-47
1313.515	3.1551351809480994e-47
1316.4920000000002	3.16506382921e-47
1319.476	3.1779015994943997e-47
1322.467	3.1892866980129e-47
1325.465	3.201368822809599e-47
1328.469	3.2134749237504e-47
1331.48	3.2262286400099997e-47
1334.4979999999998	3.2380242452496e-47
1337.523	3.2562339020963995e-47
1340.555	3.278621710562501e-47
1343.5929999999998	3.2946968603024996e-47
1346.639	3.3000865751043996e-47
1349.691	3.3038250947881004e-47
1352.75	3.314912867078399e-47
1355.816	3.3273538695684005e-47
1358.89	3.3409278565775996e-47
1361.97	3.35267634529e-47
1365.057	3.3676607954025004e-47
1368.151	3.3795503292099993e-47
1371.2520000000002	3.391243013984399e-47
1374.36	3.4047131640063997e-47
1377.475	3.4195723939521e-47
1380.598	3.4324494581521005e-47
1383.727	3.4459964208121006e-47
1386.8629999999998	3.4593465587641e-47
1390.007	3.4707109343076005e-47
1393.158	3.4828422236721e-47
1396.315	3.494318394817599e-47
1399.48	3.5074170299024997e-47
1402.652	3.5188932464676014e-47
1405.832	3.5329257720964003e-47
1409.0179999999998	3.5458309177344e-47
1412.2120000000002	3.5592678721599996e-47
1415.4129999999998	3.5754671389440995e-47
1418.621	3.5891050555396004e-47
1421.8370000000002	3.6021663258024997e-47
1425.059	3.616954314854399e-47
1428.29	3.6295142457025e-47
1431.527	3.6441312248896005e-47
1434.7720000000002	3.6601749803844006e-47
1438.024	3.6769585546849003e-47
1441.283	3.6891095030416e-47
1444.55	3.703634089100101e-47
1447.8239999999998	3.7200496806841e-47
1451.106	3.7344650994729e-47
1454.395	3.7517707528899994e-47
1457.692	3.7683183427568986e-47
1460.996	3.7825833373440996e-47
1464.307	3.7955542891249015e-47
1467.6270000000002	3.8098015624881e-47
1470.953	3.8269268398656e-47
1474.287	3.8478139455625005e-47
1477.629	3.856821112956099e-47
1480.9779999999998	3.87603366084e-47
1484.335	3.8878978560601e-47
1487.7	3.902059874260901e-47
1491.0720000000001	3.9246015032896e-47
1494.451	3.9338510849763993e-47
1497.839	3.9433677581376e-47
1501.234	3.9599306668804e-47
1504.6370000000002	3.9702021310116e-47
1508.047	3.9887662286223988e-47
1511.465	4.0011330353401005e-47
1514.891	4.017673437414401e-47
1518.325	4.033186044316901e-47
1521.766	4.048252605774399e-47
1525.2160000000001	4.0630910080644004e-47
1528.6729999999998	4.0811769551280987e-47
1532.138	4.0976155192644005e-47
1535.611	4.1137920793225e-47
1539.0910000000001	4.1313476133136007e-47
1542.58	4.1476974628644008e-47
1546.076	4.1648965867200994e-47
1549.5810000000001	4.1799392910024987e-47
1553.0929999999998	4.197946247233599e-47
1556.6129999999998	4.2169737155328997e-47
1560.142	4.2413554979761e-47
1563.6779999999999	4.2525110392383997e-47
1567.2220000000002	4.2700409048025006e-47
1570.775	4.2860537865616e-47
1574.335	4.3018683852769e-47
1577.9029999999998	4.3209995111760994e-47
1581.48	4.3362264510009e-47
1585.065	4.3526240943363997e-47
1588.658	4.3708560450025e-47
1592.2579999999998	4.389648169536398e-47
1595.868	4.405502566081601e-47
1599.485	4.4230626673321e-47
1603.11	4.4410468717924e-47
1606.744	4.4557133562769005e-47
1610.386	4.47443263744e-47
1614.036	4.4900197979121e-47
1617.694	4.508875391385601e-47
1621.361	4.5267571821923995e-47
1625.036	4.5446487442801e-47
1628.72	4.5612220557124e-47
1632.411	4.580590521603599e-47
1636.111	4.595576294862398e-47
1639.82	4.616581457884898e-47
1643.537	4.6377925097956e-47
1647.2620000000002	4.658930680449601e-47
1650.996	4.679587424400099e-47
1654.7379999999998	4.698692579940099e-47
1658.489	4.718714510410001e-47
1662.2479999999998	4.739935570896102e-47
1666.016	4.760915820372099e-47
1669.7920000000001	4.7758907851524e-47
1673.5770000000002	4.794075125347599e-47
1677.37	4.8142435325625e-47
1681.172	4.832335224999999e-47
1684.983	4.850655856222499e-47
1688.8020000000001	4.8707404106761e-47
1692.63	4.892116973068899e-47
1696.4660000000001	4.9116451105969e-47
1700.3120000000001	4.9309158114304e-47
1704.1660000000002	4.951760976562501e-47
1708.029	4.971548694824101e-47
1711.9	4.990612883832902e-47
1715.78	5.0118853004089e-47
1719.6689999999999	5.033056811521598e-47
1723.567	5.051696848584101e-47
1727.474	5.0708512822080995e-47
1731.389	5.094372067516899e-47
1735.3139999999999	5.117794182337599e-47
1739.247	5.141852259024101e-47
1743.19	5.1651186639376e-47
1747.141	5.189022495916901e-47
1751.101	5.212054493593599e-47
1755.07	5.230911411001599e-47
1759.0479999999998	5.253712806249999e-47
1763.035	5.27334487684e-47
1767.0320000000002	5.293486465322502e-47
1771.037	5.3097935169889e-47
1775.0510000000002	5.32978842916e-47
1779.0739999999998	5.349380609091601e-47
1783.1070000000002	5.369715113155599e-47
1787.149	5.3912614635441e-47
1791.1989999999998	5.422136788225602e-47
1795.259	5.438072820024099e-47
1799.329	5.460367572490001e-47
1803.4070000000002	5.492509985560898e-47
1807.495	5.519378527950399e-47
1811.592	5.538166723699602e-47
1815.6979999999999	5.5621480596361e-47
1819.8129999999999	5.58464763025e-47
1823.9379999999999	5.6034836152164e-47
1828.0729999999999	5.627670316840001e-47
1832.2160000000001	5.652167724809996e-47
1836.369	5.669803863610002e-47
1840.5320000000002	5.692783986291598e-47
1844.703	5.714933623952397e-47
1848.885	5.73891093136e-47
1853.075	5.761421770240902e-47
1857.276	5.786057654499599e-47
1861.486	5.8125848688961e-47
1865.705	5.836183801806398e-47
1869.934	5.859525880051599e-47
1874.172	5.8838334478225e-47
1878.42	5.9104759713444e-47
1882.6779999999999	5.9389633622089e-47
1886.945	5.962529951456399e-47
1891.2220000000002	5.992710638760002e-47
1895.509	6.012845509651599e-47
1899.805	6.037470265345601e-47
1904.112	6.060842038988101e-47
1908.4279999999999	6.0936852114435985e-47
1912.753	6.114523708976402e-47
1917.089	6.141769125913599e-47
1921.434	6.1640477811025e-47
1925.79	6.186247217289999e-47
1930.155	6.214310794809999e-47
1934.53	6.240665044494402e-47
1938.914	6.262335563406399e-47
1943.309	6.2934059743801e-47
1947.714	6.315784479048101e-47
1952.129	6.336263480422497e-47
1956.5539999999999	6.372788985062499e-47
1960.9879999999998	6.402464237159998e-47
1965.433	6.4372444283536e-47
1969.888	6.457488522250001e-47
1974.3529999999998	6.489739591566401e-47
1978.828	6.5173990987681e-47
1983.3139999999999	6.537328889062501e-47
1987.809	6.570050819222502e-47
1992.315	6.601713625864899e-47
1996.8310000000001	6.6327488700561e-47
2001.3570000000002	6.659243825556101e-47
2005.8929999999998	6.692409791122497e-47
2010.44	6.725720470040103e-47
2014.997	6.764264698522501e-47
2019.5639999999999	6.788034653620899e-47
2024.142	6.806891865132102e-47
2028.73	6.835874916422501e-47
2033.328	6.8565620350096e-47
2037.9370000000001	6.881759323576899e-47
2042.556	6.9055634640784e-47
2047.1860000000001	6.941717489980901e-47
2051.826	6.961836431264398e-47
2056.4770000000003	6.997277329072898e-47
2061.138	7.020563005440001e-47
2065.81	7.053789293185599e-47
2070.492	7.084087255680402e-47
2075.186	7.120303359972099e-47
2079.889	7.159620379411598e-47
2084.604	7.192308663950403e-47
2089.3289999999997	7.228016114707601e-47
2094.064	7.262704062249999e-47
2098.811	7.2871251769156e-47
2103.5679999999998	7.313887622412902e-47
2108.3360000000002	7.332007104579599e-47
2113.115	7.374160106784898e-47
2117.905	7.405499168144104e-47
2122.705	7.432083062820902e-47
2127.5170000000003	7.460896297190401e-47
2132.339	7.491750714009999e-47
2137.172	7.522240341722502e-47
2142.0170000000003	7.550916553920098e-47
2146.8720000000003	7.586673044280099e-47
2151.738	7.6158207635689e-47
2156.615	7.649930304654399e-47
2161.5029999999997	7.681185019216898e-47
2166.403	7.715201543888401e-47
2171.313	7.753057847102499e-47
2176.235	7.796418485128901e-47
2181.1679999999997	7.819083198336399e-47
2186.111	7.853437048944401e-47
2191.067	7.877664813564101e-47
2196.033	7.923958636224398e-47
2201.011	7.956165463075602e-47
2206.0	7.9890668432964e-47
2211.0	8.0203362430689e-47
2216.011	8.048009694489998e-47
2221.034	8.086665692292102e-47
2226.0679999999998	8.136099532108899e-47
2231.114	8.179739084448101e-47
2236.1710000000003	8.195557779662401e-47
2241.24	8.240643468440101e-47
2246.32	8.295943475484899e-47
2251.4120000000003	8.323294245768097e-47
2256.515	8.3690898882529e-47
2261.63	8.4268250691076e-47
2266.756	8.457277975171601e-47
2271.894	8.5000618498084e-47
2277.0429999999997	8.545201668867599e-47
2282.205	8.5595784736401e-47
2287.3779999999997	8.606556778540902e-47
2292.562	8.627392871737599e-47
2297.759	8.657656745040901e-47
2302.967	8.696808364622398e-47
2308.187	8.714450275488401e-47
2313.419	8.777177145828098e-47
2318.6620000000003	8.809838513347603e-47
2323.9179999999997	8.8206038725249e-47
2329.185	8.860660221966399e-47
2334.465	8.916703840890002e-47
2339.756	8.9567314928001e-47
2345.06	8.968207428384395e-47
2350.375	9.0636169211809e-47
2355.702	9.088806079152897e-47
2361.042	9.1474744163049e-47
2366.394	9.193321488876102e-47
2371.758	9.259042780166398e-47
2377.133	9.291128490249997e-47
2382.521	9.3290157294489e-47
2387.922	9.365013529000001e-47
2393.334	9.4231925679969e-47
2398.759	9.4493738782521e-47
2404.196	9.4918040422921e-47
2409.646	9.541683256771599e-47
2415.1079999999997	9.575467942662402e-47
2420.5820000000003	9.609731894977601e-47
2426.0679999999998	9.6616455620689e-47
2431.5679999999998	9.681528795457599e-47
2437.0789999999997	9.751029257289998e-47
2442.603	9.777175296160003e-47
2448.14	9.8460193589521e-47
2453.689	9.867676656992399e-47
2459.25	9.946735118222403e-47
2464.824	9.991511802002501e-47
2470.411	1.0042184394489998e-46
2476.011	1.0069961940639999e-46
2481.623	1.014482056225e-46
2487.248	1.015638668521e-46
2492.886	1.0178106059560002e-46
2498.536	1.0233123049210002e-46
2504.2	1.0229259144039999e-46
2509.876	1.029630295849e-46
2515.565	1.0355484291610002e-46
2521.2670000000003	1.041179425924e-46
2526.981	1.0472022422410002e-46
2532.709	1.049893277449e-46
2538.45	1.0579480163560001e-46
2544.2039999999997	1.0606054404490001e-46
2549.97	1.0659406131359998e-46
2555.75	1.0577320285210004e-46
2561.5429999999997	1.064633939721e-46
2567.349	1.072351375936e-46
2573.169	1.0731240308889997e-46
2579.001	1.0799033858559999e-46
2584.847	1.086747870784e-46
2590.706	1.0870481234560004e-46
2596.578	1.093651625284e-46
2602.4629999999997	1.0981489014759999e-46
2608.362	1.1075394456090002e-46
2614.274	1.1084552202239997e-46
2620.2	1.1112533056e-46
2626.139	1.1188223695359998e-46
2632.092	1.122402519225e-46
2638.058	1.129801052241e-46
2644.0370000000003	1.1315768275360001e-46
2650.03	1.1374329150250001e-46
2656.0370000000003	1.1468310936039997e-46
2662.0570000000002	1.1540173595039998e-46
2668.091	1.153879859344e-46
2674.139	1.1565561374889999e-46
2680.2	1.1626554102249999e-46
2686.275	1.1697157931559996e-46
2692.364	1.1767953792040001e-46
2698.467	1.1814081294760003e-46
2704.583	1.188119620081e-46
2710.7129999999997	1.191101573376e-46
2716.8579999999997	1.2033475687839999e-46
2723.0159999999996	1.197862391961e-46
2729.188	1.2104290380250001e-46
2735.3740000000003	1.2158723075560001e-46
2741.574	1.216906828225e-46
2747.788	1.2223336704640001e-46
2754.0170000000003	1.253524312881e-46
2760.259	1.2532399483240002e-46
2766.515	1.2624252749290002e-46
2772.7859999999996	1.2626185375690002e-46
2779.071	1.2640594844159996e-46
2785.37	1.271100659761e-46
2791.684	1.2805502449959996e-46
2798.012	1.285624893316e-46
2804.3540000000003	1.2968267210890003e-46
2810.71	1.3026478648960001e-46
2817.0809999999997	1.305628454881e-46
2823.466	1.310489194756e-46
2829.866	1.3152282235559998e-46
2836.28	1.327922046025e-46
2842.7090000000003	1.334045790081e-46
2849.153	1.3364331057640001e-46
2855.611	1.3460431564810003e-46
2862.083	1.344706948225e-46
2868.571	1.359054666225e-46
2875.073	1.3645674136089997e-46
2881.5890000000004	1.3688695801689997e-46
2888.1209999999996	1.3816921061159996e-46
2894.667	1.387742900625e-46
2901.2290000000003	1.4186739485610003e-46
2907.805	1.4092182810250002e-46
2914.3959999999997	1.4161404602889998e-46
2921.0009999999997	1.4170950147240003e-46
2927.6220000000003	1.4234207971839997e-46
2934.258	1.4242823254890004e-46
2940.909	1.4299663393439998e-46
2947.575	1.4313131406249996e-46
2954.256	1.4398128060839999e-46
2960.952	1.4474736720999999e-46
2967.664	1.4528903188809999e-46
2974.39	1.4608976729759998e-46
2981.132	1.4622855625e-46
2987.89	1.472528856484e-46
2994.6620000000003	1.4803710570249997e-46
3001.45	1.5026150593439999e-46
3008.2529999999997	1.4874900191289999e-46
3015.072	1.4924751455609999e-46
3021.906	1.5109277232040001e-46
3028.755	1.5232965399609997e-46
3035.62	1.5306390960999999e-46
3042.5009999999997	1.5334314691239995e-46
3049.397	1.5546648470439997e-46
3056.309	1.5645606789759993e-46
3063.237	1.5598286427610008e-46
3070.18	1.5552758694489997e-46
3077.139	1.5717661974010003e-46
3084.114	1.5891980819560002e-46
3091.1040000000003	1.5917380128810002e-46
3098.111	1.5876277201210004e-46
3105.133	1.594567868644e-46
3112.171	1.5965712380250004e-46
3119.2259999999997	1.6298811822240003e-46
3126.296	1.6217691391689996e-46
3133.382	1.6221817752010003e-46
3140.4840000000004	1.6400003906250001e-46
3147.603	1.6426856789289995e-46
3154.737	1.659835415716e-46
3161.888	1.6638084727690004e-46
3169.055	1.6813219689640003e-46
3176.238	1.666143987264e-46
3183.437	1.6791676139290002e-46
3190.653	1.699224352849e-46
3197.885	1.6989819024999998e-46
3205.133	1.717216301476e-46
3212.3979999999997	1.7202211111840008e-46
3219.68	1.7368788606490005e-46
3226.9770000000003	1.7247595166010004e-46
3234.292	1.7461481735609994e-46
3241.623	1.7559748174240007e-46
3248.97	1.747919323921e-46
3256.335	1.768498362801e-46
3263.716	1.771486464784e-46
3271.113	1.766089497249e-46
3278.528	1.804011628225e-46
3285.9590000000003	1.8014176245609996e-46
3293.407	1.8111426493690007e-46
3300.8720000000003	1.8252928691559993e-46
3308.3540000000003	1.8356402001639995e-46
3315.853	1.8429610082490004e-46
3323.369	1.8562700024999998e-46
3330.902	1.87607809e-46
3338.452	1.9020795472809995e-46
3346.0190000000002	1.894556792041e-46
3353.603	1.918177910288999e-46
3361.204	1.9198513345690004e-46
3368.823	1.9429878759210003e-46
3376.4590000000003	1.9439079660810004e-46
3384.112	1.9681031578809992e-46
3391.783	1.9874119795360007e-46
3399.4709999999995	1.9989152689e-46
3407.176	1.9970240119210005e-46
3414.8990000000003	1.983559575321e-46
3422.639	2.0274570365439997e-46
3430.397	2.009808076329e-46
3438.173	2.0133822099690005e-46
3445.966	2.035050608704001e-46
3453.777	2.0121053691690006e-46
3461.605	2.0412608405290003e-46
3469.4509999999996	2.013101270244e-46
3477.315	2.0431529133209998e-46
3485.197	2.0504550274810005e-46
3493.097	2.0347025449000003e-46
3501.015	2.033564412961e-46
3508.95	2.063971842409e-46
3516.9040000000005	2.1044086329639997e-46
3524.875	2.1109765264e-46
3532.865	2.116821304900001e-46
3540.873	2.1199068801e-46
3548.8979999999997	2.1356724232360003e-46
3556.9429999999998	2.1600151506010004e-46
3565.005	2.1993038300250006e-46
3573.086	2.226022224196e-46
3581.184	2.1793229200089992e-46
3589.302	2.2087488265959994e-46
3597.437	2.2320509400249993e-46
3605.591	2.161314559881e-46
3613.764	2.1686096644e-46
3621.955	2.185060458025e-46
3630.165	2.275201174129e-46
3638.393	2.284429713489e-46
3646.64	2.2814592025e-46
3654.906	2.3078258374089996e-46
3663.19	2.3206439699559997e-46
3671.493	2.332089385924e-46
3679.815	2.3191299911609997e-46
3688.156	2.3309747230089994e-46
3696.5159999999996	2.328791977444e-46
3704.8940000000002	2.3503741466489998e-46
3713.292	2.330061814116e-46
3721.7090000000003	2.3970563870489996e-46
3730.145	2.4205852073289995e-46
3738.599	2.4537374064810003e-46
3747.074	2.4269682841289995e-46
3755.567	2.4394535156250004e-46
3764.079	2.448386231824e-46
3772.611	2.4951266824090008e-46
3781.1620000000003	2.4915391285210005e-46
3789.7329999999997	2.511942877921e-46
3798.323	2.5355498602810004e-46
3806.9320000000002	2.541256833424e-46
3815.5609999999997	2.5553397228489997e-46
3824.21	2.5158591333160003e-46
3832.8779999999997	2.585715456256e-46
3841.566	2.598405369849e-46
3850.2729999999997	2.624225042916e-46
3859.0	2.669560586641e-46
3867.7470000000003	2.6825657253160006e-46
3876.514	2.6829358930890007e-46
3885.301	2.683876168516e-46
3894.107	2.7106856450559996e-46
3902.934	2.7401174089000005e-46
3911.78	2.751103236025e-46
3920.647	2.760715171600001e-46
3929.534	2.807126000703999e-46
3938.441	2.742637400281e-46
3947.368	2.777678889769001e-46
3956.315	2.7370525952160002e-46
3965.283	2.802841840561e-46
3974.2709999999997	2.881061522161e-46
3983.2790000000005	2.9472099615360004e-46
3992.3070000000002	2.9395171080040006e-46
4001.3559999999998	2.9511426163209992e-46
4010.426	2.956580519841e-46
4019.5159999999996	2.9477971172249994e-46
4028.627	2.995838260801e-46
4037.759	2.9598725031839987e-46
4046.9109999999996	2.9120262091560002e-46
4056.0840000000003	2.945919111424e-46
4065.277	3.1117277520809996e-46
4074.492	3.0423313159840005e-46
4083.7270000000003	3.1950204014439998e-46
4092.9840000000004	3.1649335086760005e-46
4102.2609999999995	3.1981992992010007e-46
4111.559	3.2486962273960004e-46
4120.879	3.143681479849e-46
4130.219	3.3691263283239988e-46
4139.581	3.2699416568040002e-46
4148.964	3.1695677875839995e-46
4158.3679999999995	3.234699369728999e-46
4167.794	3.3045349942439987e-46
4177.241	3.3124655203240002e-46
4186.709	3.2914304929e-46
4196.1990000000005	3.2646924677160003e-46
4205.71	3.289895833249001e-46
4215.2429999999995	3.3612418901609998e-46
4224.7970000000005	3.4827322992639997e-46
4234.374	3.4413589080999995e-46
4243.971	3.518107938244e-46
4253.590999999999	3.6130596480250004e-46
4263.232	3.712199863849e-46
4272.896	3.615846765444e-46
4282.581	3.734289569761e-46
4292.288	3.746528004025e-46
4302.017	3.643372372644001e-46
4311.768	3.846474105049e-46
4321.541	3.555509987236e-46
4331.337	3.807099490040999e-46
4341.154	3.8151855624999996e-46
4350.994000000001	3.8979789489000004e-46
4360.856	3.946515989055999e-46
4370.741	3.906137196025e-46
4380.648	3.893182803225e-46
4390.577	3.909608516528999e-46
4400.529	3.818979716841e-46
4410.503	3.899143890625e-46
4420.5	4.165080967609e-46
4430.52	4.258804033969001e-46
4440.562	3.150071224336e-46
4450.628	3.148225656976e-46
4460.715999999999	3.1592965084810002e-46
4470.827	3.1803728896000007e-46
4480.96	3.200757152356e-46
4491.117	3.1969583040160003e-46
4501.2970000000005	3.1819567104159997e-46
4511.5	3.176575467025e-46
4521.726	3.1988324067839997e-46
4531.975	3.2422035745440006e-46
4542.247	3.2917280333439998e-46
4552.543	3.3016525320249997e-46
4562.862	3.678720164000999e-46
4573.204000000001	5.035392385024e-46
4583.57	4.901658732961e-46
4593.959	4.706851742784e-46
4604.372	4.6774572840489994e-46
4614.809	4.897970954496e-46
4625.269	4.926082592483999e-46
4635.753	5.0313002191360004e-46
4646.26	5.274100564681001e-46
4656.792	5.560121556081001e-46
4667.347	5.3789066470090005e-46
4677.9259999999995	4.881563249476002e-46
4688.529	5.093083049796e-46
4699.157	5.1680747555999996e-46
4709.808	4.953598046224e-46
4720.483	5.403318846015999e-46
4731.183	5.8662535412249985e-46
4741.907	5.685425354569001e-46
4752.655	5.4840131892089994e-46
4763.428	5.500661931800999e-46
4774.225	5.881202164161002e-46
4785.045999999999	5.340323515396e-46
4795.892	5.2952499018810004e-46
4806.763	6.1125392460250014e-46
4817.657999999999	5.730278439999999e-46
4828.5779999999995	6.001510240803998e-46
4839.523	5.8180286194809984e-46
4850.492	5.7903278161e-46
4861.486	5.696694900625e-46
4872.505999999999	6.0699507305290004e-46
4883.55	5.892285324409e-46
4894.619000000001	6.213752707600001e-46
4905.713	6.5085806208639995e-46
4916.833	6.227190848355999e-46
4927.978	6.2622910368490014e-46
4939.148	6.441804401040999e-46
4950.343	6.149303888840999e-46
4961.564	6.3572663350440005e-46
4972.81	6.511535236441001e-46
4984.081	6.431651044900002e-46
4995.378	6.552529963681e-46
