f	psd[1/Hz]
5.0	3.99800025e-40
5.0115	3.7869159999999994e-40
5.0231	3.5872360000000003e-40
5.0347	3.3984922499999998e-40
5.0463	3.2198713600000003e-40
5.0579	3.0509608900000005e-40
5.0696	2.89102009e-40
5.0813	2.73968704e-40
5.093	2.5966099599999994e-40
5.1047	2.4614472099999996e-40
5.1165	2.3332562499999996e-40
5.1283	2.21176384e-40
5.1401	2.0969936099999994e-40
5.152	1.9883820100000003e-40
5.1639	1.8856782399999997e-40
5.1758	1.7881038399999998e-40
5.1877	1.6959852900000001e-40
5.1997	1.60858489e-40
5.2117	1.5257190400000002e-40
5.2237	1.4474496100000003e-40
5.2357	1.37311524e-40
5.2478	1.30279396e-40
5.2599	1.23632161e-40
5.272	1.17310561e-40
5.2842	1.11323601e-40
5.2964	1.05657841e-40
5.3086	1.00300225e-40
5.3208	9.520295184000002e-41
5.3331	9.037544356000001e-41
5.3454	8.580131640999998e-41
5.3577	8.146506563999998e-41
5.3701	7.735202499999999e-41
5.3825	7.345347024999998e-41
5.3949	6.975590400000001e-41
5.4073	6.624983235999999e-41
5.4198	6.292455625000001e-41
5.4323	5.976990721000001e-41
5.4448	5.677773201000001e-41
5.4574	5.394021136e-41
5.4699	5.124698569000001e-41
5.4826	4.869248399999999e-41
5.4952	4.626856440999999e-41
5.5079	4.396883480999999e-41
5.5206	4.178588164e-41
5.5333	3.971394361e-41
5.5461	3.774750720999999e-41
5.5589	3.588129801e-41
5.5717	3.4109104090000006e-41
5.5845	3.242733025e-41
5.5974	3.083136676e-41
5.6103	2.931464449e-41
5.6232	2.7875232089999997e-41
5.6362	2.6508081960000003e-41
5.6492	2.5210441000000004e-41
5.6622	2.3977670890000005e-41
5.6753	2.2806355359999997e-41
5.6884	2.1694169289999996e-41
5.7015	2.063703184e-41
5.7146	1.9633761e-41
5.7278	1.8679684000000003e-41
5.7410000000000005	1.7773812809999993e-41
5.7543	1.6912656249999997e-41
5.7675	1.6094539240000004e-41
5.7808	1.5317047689999998e-41
5.7942	1.4577887609999997e-41
5.8075	1.3875624999999995e-41
5.8209	1.3208136490000002e-41
5.8343	1.2574116000000002e-41
5.8478	1.1970908009999997e-41
5.8613	1.1397376000000002e-41
5.8748	1.0852412490000001e-41
5.8884	1.033365316e-41
5.9019	9.840769e-42
5.9155	9.37216996e-42
5.9292	8.92635129e-42
5.9429	8.502472809999999e-42
5.9566	8.09914681e-42
5.9703	7.715617289999999e-42
5.9841	7.350605439999999e-42
5.9979	7.003962250000001e-42
6.0117	6.673438890000002e-42
6.0256	6.35947524e-42
6.0394	6.06045924e-42
6.0534	5.77633156e-42
6.0673	5.50559296e-42
6.0813	5.2477646400000006e-42
6.0954	5.002826889999999e-42
6.1094	4.7694192100000006e-42
6.1235	4.5475562499999996e-42
6.1376	4.335973290000001e-42
6.1518	4.13471556e-42
6.166	3.94340164e-42
6.1802	3.760884489999999e-42
6.1944	3.587236000000001e-42
6.2087	3.421760039999999e-42
6.223	3.26452624e-42
6.2374	3.11451904e-42
6.2518	2.97148644e-42
6.2662	2.835519210000001e-42
6.2806	2.706025e-42
6.2951	2.58277041e-42
6.3096	2.465214009999999e-42
6.3242	2.3531559999999997e-42
6.3388	2.2464014399999996e-42
6.3534	2.1447602499999998e-42
6.367999999999999	2.0477610000000002e-42
6.3827	1.9555225600000002e-42
6.3974	1.86759556e-42
6.4122	1.7838273599999998e-42
6.4270000000000005	1.70380809e-42
6.4418	1.6276656399999996e-42
6.4566	1.5552584099999997e-42
6.4715	1.485961e-42
6.4865	1.41991056e-42
6.5014	1.357225e-42
6.5164	1.2970932100000001e-42
6.5314	1.23988225e-42
6.5465	1.1854854399999997e-42
6.5616	1.1333731599999996e-42
6.5767	1.0838892099999998e-42
6.5919	1.0365276099999999e-42
6.6071	9.914583184000001e-43
6.6223	9.484422544000002e-43
6.6376	9.073896049000002e-43
6.6529	8.682326041e-43
6.6682	8.308687104e-43
6.6836	7.952180625e-43
6.699	7.612039009e-43
6.7145	7.287524688999998e-43
6.73	6.977762089e-43
6.7455	6.682081536000001e-43
6.761	6.399840000999999e-43
6.7766	6.130576804000001e-43
6.7923	5.873383043999999e-43
6.8079	5.627850361000001e-43
6.8236	5.3935804809999995e-43
6.8394	5.169753801e-43
6.8551	4.956160000000001e-43
6.8709	4.752034225e-43
6.8868	4.557195049000001e-43
6.9027	4.3710609959999995e-43
6.9186	4.193339535999999e-43
6.9345	4.023491760999999e-43
6.9505	3.861255321e-43
6.9666	3.7062526409999994e-43
6.9826	3.5582418009999995e-43
6.9987	3.416753209e-43
7.0149	3.2814566560000005e-43
7.031000000000001	3.1522610249999997e-43
7.0473	3.028741156e-43
7.0635	2.910710401e-43
7.0798	2.797881025000001e-43
7.0961	2.6900819559999993e-43
7.1125	2.5869430439999996e-43
7.1289	2.4883136890000002e-43
7.1453	2.394047041e-43
7.1618	2.303904001000001e-43
7.1783	2.2176564639999996e-43
7.1949	2.1351792639999995e-43
7.2115	2.0562597159999995e-43
7.2281	1.980784036e-43
7.2448	1.9086413439999997e-43
7.2615	1.8395520999999995e-43
7.2782	1.7734205440000002e-43
7.295	1.7102360250000002e-43
7.3118	1.649659456e-43
7.3287	1.591770609e-43
7.3456	1.5363264159999997e-43
7.3625	1.483251169e-43
7.3795	1.4323954090000005e-43
7.3965	1.383765601e-43
7.4136	1.337145489e-43
7.4307	1.292546304e-43
7.4478	1.249834609e-43
7.465	1.2088833610000003e-43
7.4822	1.1697084009999999e-43
7.4994	1.1321879040000004e-43
7.5167	1.0962058810000002e-43
7.5341	1.0617822250000002e-43
7.5514	1.0287414760000001e-43
7.5689	9.97106929e-44
7.5863	9.66774649e-44
7.6038	9.37768129e-44
7.6213	9.09927225e-44
7.6389	8.832189609999999e-44
7.6565	8.576112250000004e-44
7.6742	8.33130496e-44
7.6919	8.096301160000002e-44
7.7096	7.870830250000002e-44
7.7274	7.65462889e-44
7.7452	7.447986810000002e-44
7.7631	7.249017760000003e-44
7.781000000000001	7.05858624e-44
7.7989	6.87645729e-44
7.8169	6.701367689999998e-44
7.8349	6.533647209999999e-44
7.853	6.372595359999998e-44
7.8711	6.218539689999999e-44
7.8893	6.070803209999998e-44
7.9074	5.928738010000001e-44
7.9257	5.793167609999999e-44
7.944	5.66297209e-44
7.9623	5.53802089e-44
7.9806	5.418652839999999e-44
7.999	5.304269610000001e-44
8.0175	5.194752639999999e-44
8.036	5.089536000000001e-44
8.0545	4.989415689999999e-44
8.0731	4.892943999999999e-44
8.0917	4.80135744e-44
8.1104	4.713241e-44
8.1291	4.62938256e-44
8.1478	4.549262409999999e-44
8.1666	4.4728020100000016e-44
8.1854	4.39950625e-44
8.2043	4.3301448099999994e-44
8.2232	4.26381201e-44
8.2422	4.2008601600000004e-44
8.2612	4.141225e-44
8.2802	4.084440999999999e-44
8.2993	4.030859290000001e-44
8.3185	3.980424009999999e-44
8.3377	3.9322889999999996e-44
8.3569	3.8876008899999983e-44
8.3762	3.845521e-44
8.3955	3.8060108100000014e-44
8.4148	3.76942225e-44
8.4342	3.735329290000001e-44
8.4537	3.70447009e-44
8.4732	3.67565584e-44
8.4927	3.6500102500000004e-44
8.5123	3.6267393599999997e-44
8.5319	3.606201e-44
8.5516	3.5887513600000003e-44
8.5713	3.57361216e-44
8.5911	3.56152384e-44
8.6109	3.5524710399999997e-44
8.6308	3.54606561e-44
8.6507	3.5426768399999996e-44
8.6706	3.5423004100000004e-44
8.6906	3.5453124100000003e-44
8.7106	3.55171716e-44
8.7307	3.56152384e-44
8.7509	3.5751246400000003e-44
8.771	3.5925411599999993e-44
8.7913	3.613801e-44
8.8115	3.639700840000001e-44
8.8319	3.66990649e-44
8.8522	3.7052400100000005e-44
8.8726	3.7457731599999993e-44
8.8931	3.7919772899999997e-44
8.9136	3.8443444900000006e-44
8.9342	3.9033904899999994e-44
8.9548	3.9700562500000004e-44
8.9754	4.0441209999999995e-44
8.9961	4.1273985600000005e-44
9.0169	4.220559360000001e-44
9.0377	4.324320249999999e-44
9.0585	4.4407132899999986e-44
9.0794	4.57018884e-44
9.1003	4.714977959999998e-44
9.1213	4.87747225e-44
9.1423	5.05935049e-44
9.1634	5.26381249e-44
9.1846	5.49480481e-44
9.2057	5.75568081e-44
9.227	6.0516e-44
9.2482	6.38926729e-44
9.2696	6.776129609999999e-44
9.2909	7.221581289999999e-44
9.3124	7.737854890000001e-44
9.3338	8.339966410000001e-44
9.3554	9.048665610000001e-44
9.3769	9.889767040000002e-44
9.3986	1.0898581690000001e-43
9.4202	1.2122931240000003e-43
9.442	1.362791056e-43
9.4637	1.550941924e-43
9.4856	1.7903899689999995e-43
9.5074	2.1020391040000002e-43
9.5294	2.5183334890000005e-43
9.5513	3.0930282250000004e-43
9.5734	3.919260815999999e-43
9.5954	5.171191921e-43
9.6176	7.206312099999999e-43
9.6397	1.0859724099999998e-42
9.662	1.8474246399999997e-42
9.6842	3.89904516e-42
9.7066	1.351738756e-41
9.729	9.40526224e-40
9.7514	2.2363441000000005e-41
9.7739	4.72714564e-42
9.7964	1.9695315600000005e-42
9.818999999999999	1.0650239999999998e-42
9.8417	6.620914161000001e-43
9.8643	4.4914123239999984e-43
9.8871	3.2349931290000003e-43
9.9099	2.4344356e-43
9.9327	1.894425625e-43
9.9557	1.513832464e-43
9.9786	1.2360849639999998e-43
10.002	1.0275230250000001e-43
10.025	8.671847040000002e-44
10.048	7.41418441e-44
10.071	6.410517609999999e-44
10.094	5.597955999999999e-44
10.117	4.931508489999999e-44
10.141	4.3785562499999994e-44
10.164	3.9148579600000003e-44
10.187999999999999	3.52237824e-44
10.211	3.1880102500000003e-44
10.235	2.9002090000000003e-44
10.258	2.6513608900000006e-44
10.282	2.43453609e-44
10.306	2.24460324e-44
10.329	2.0773456899999996e-44
10.353	1.929321e-44
10.377	1.7977446400000002e-44
10.401	1.6801344399999996e-44
10.425	1.57477401e-44
10.449000000000002	1.47962896e-44
10.472999999999999	1.3940524899999998e-44
10.497	1.3162972900000002e-44
10.522	1.2454560000000001e-44
10.546	1.1811342400000005e-44
10.57	1.1221164899999997e-44
10.594000000000001	1.0679155600000001e-44
10.619000000000002	1.0180810000000001e-44
10.642999999999999	9.720974025000001e-45
10.668	9.296237889e-45
10.693	8.902677316e-45
10.717	8.537020816e-45
10.742	8.196767296e-45
10.767000000000001	7.879580289000002e-45
10.790999999999999	7.583100561000001e-45
10.815999999999999	7.305633729000001e-45
10.841	7.045419969000003e-45
10.866	6.800806089000002e-45
10.890999999999998	6.5707236e-45
10.915999999999999	6.353843521000001e-45
10.942	6.149225889000001e-45
10.967	5.955517584000001e-45
10.992	5.772352576e-45
11.017999999999999	5.598630975999998e-45
11.043	5.4336063690000016e-45
11.068	5.276860164e-45
11.094000000000001	5.127705663999999e-45
11.12	4.985489664e-45
11.145	4.849868881000002e-45
11.171	4.7202396159999986e-45
11.197000000000001	4.5964332089999996e-45
11.222000000000001	4.477884889e-45
11.248	4.3643199690000006e-45
11.274000000000001	4.255474755999999e-45
11.3	4.1509671840000005e-45
11.325999999999999	4.050686025000001e-45
11.352	3.954145924e-45
11.379000000000001	3.8613796e-45
11.405	3.771925056000001e-45
11.431	3.685825521e-45
11.458	3.602760529000001e-45
11.484000000000002	3.522541201e-45
11.51	3.4451030250000004e-45
11.537	3.3702669159999996e-45
11.564	3.297975184000001e-45
11.59	3.228057856e-45
11.617	3.160238656000001e-45
11.644	3.0946969000000006e-45
11.671	3.031053024999999e-45
11.697000000000001	2.9694870490000004e-45
11.724	2.909631481000001e-45
11.752	2.851559999999999e-45
11.779000000000002	2.7952369000000005e-45
11.806	2.7405225000000005e-45
11.833	2.6872819210000004e-45
11.86	2.6355902440000003e-45
11.888	2.5853157160000002e-45
11.915	2.536431769e-45
11.943	2.4888125440000005e-45
11.97	2.442435241e-45
11.998	2.3972774439999996e-45
12.025	2.353317121e-45
12.052999999999999	2.3104364890000002e-45
12.081	2.2686169000000004e-45
12.109000000000002	2.22784e-45
12.137	2.188087729e-45
12.165	2.1493423210000004e-45
12.193	2.1114944010000002e-45
12.220999999999998	2.074529209e-45
12.249	2.0385225e-45
12.277000000000001	2.0032785640000006e-45
12.306	1.9688743840000002e-45
12.334000000000001	1.9352080810000005e-45
12.362	1.9023554560000005e-45
12.390999999999998	1.8703030090000002e-45
12.419	1.8388659240000003e-45
12.448	1.8082055290000004e-45
12.477	1.778140224e-45
12.505999999999998	1.7488287609999996e-45
12.534	1.7200926759999997e-45
12.562999999999999	1.691923689e-45
12.592	1.6644768040000002e-45
12.620999999999999	1.6374971560000002e-45
12.65	1.6111393210000003e-45
12.68	1.585313856e-45
12.709000000000001	1.5600920040000007e-45
12.738	1.5353074890000002e-45
12.767000000000001	1.511032384e-45
12.797	1.4872592249999996e-45
12.825999999999999	1.4639806440000003e-45
12.856	1.441189369e-45
12.886	1.418878224e-45
12.915	1.396965376e-45
12.945	1.3754455689999998e-45
12.975	1.3543872039999998e-45
13.005	1.3337104000000002e-45
13.035	1.313482564e-45
13.065	1.293625089e-45
13.095	1.2741330249999999e-45
13.125	1.2550723290000002e-45
13.155999999999999	1.236295921e-45
13.186	1.2179402010000001e-45
13.216	1.1998603210000001e-45
13.247	1.1821906890000002e-45
13.277000000000001	1.1647886409999998e-45
13.308	1.1477188840000002e-45
13.339	1.1309769e-45
13.369000000000002	1.1145582249999999e-45
13.4	1.0983921639999995e-45
13.431	1.0825416040000001e-45
13.462	1.0670022249999998e-45
13.493	1.0517048999999999e-45
13.524000000000001	1.0367112040000003e-45
13.555	1.0219530240000002e-45
13.587	1.007491081e-45
13.618	9.932582559999998e-46
13.649000000000001	9.79314436e-46
13.681	9.655934760000005e-46
13.712	9.52092736e-46
13.744000000000002	9.388095999999999e-46
13.776	9.258023289999998e-46
13.808	9.130066559999999e-46
13.839	9.004200489999999e-46
13.870999999999999	8.8804e-46
13.902999999999999	8.758640250000001e-46
13.935	8.63948449e-46
13.968	8.52172864e-46
14.0	8.40652036e-46
14.032	8.292672089999998e-46
14.064	8.180744039999996e-46
14.097000000000001	8.071281e-46
14.129000000000001	7.96311961e-46
14.162	7.856808999999998e-46
14.195	7.75232649e-46
14.227	7.64964964e-46
14.26	7.548206759999997e-46
14.293	7.44853264e-46
14.325999999999999	7.35060544e-46
14.359000000000002	7.254403559999999e-46
14.392000000000001	7.15990564e-46
14.425	7.066558890000001e-46
14.459000000000001	6.974880999999999e-46
14.492	6.884326440000003e-46
14.525	6.7954062400000016e-46
14.559000000000001	6.708099999999998e-46
14.592	6.621872889999999e-46
14.626	6.537226240000001e-46
14.66	6.4536321600000005e-46
14.694	6.37108081e-46
14.727	6.29056561e-46
14.761	6.210562409999999e-46
14.795	6.1325569600000015e-46
14.83	6.055044489999999e-46
14.864	5.9790030399999985e-46
14.898	5.9039280400000016e-46
14.932	5.8302931599999995e-46
14.967	5.757600250000001e-46
15.001	5.6863171599999994e-46
15.036	5.615478089999999e-46
15.071	5.5460250000000006e-46
15.105	5.4779402500000005e-46
15.14	5.4102760000000005e-46
15.175	5.343956889999998e-46
15.21	5.27850625e-46
15.245	5.21437225e-46
15.28	5.1506302500000005e-46
15.315999999999999	5.088182489999999e-46
15.350999999999999	5.026564000000001e-46
15.386	4.9657665600000015e-46
15.422	4.90578201e-46
15.457	4.8470425599999995e-46
15.493	4.788656890000002e-46
15.529000000000002	4.73149504e-46
15.564	4.67510884e-46
15.6	4.619490490000002e-46
15.636	4.56420496e-46
15.672	4.51010169e-46
15.709000000000001	4.45674321e-46
15.745	4.40412196e-46
15.780999999999999	4.352647690000001e-46
15.817	4.301475999999999e-46
15.854000000000001	4.251019240000001e-46
15.89	4.2012700899999995e-46
15.927	4.152221289999999e-46
15.964	4.1038656399999996e-46
16.000999999999998	4.0561960000000004e-46
16.038	4.009205289999999e-46
16.075	3.96288649e-46
16.112000000000002	3.917232640000001e-46
16.149	3.8718432899999995e-46
16.186	3.82750096e-46
16.223	3.783803040000001e-46
16.261	3.740356e-46
16.298	3.6975444099999995e-46
16.336	3.655361610000001e-46
16.374000000000002	3.613801000000001e-46
16.410999999999998	3.57285604e-46
16.449	3.53252025e-46
16.487000000000002	3.49278721e-46
16.525	3.4532788899999997e-46
16.563	3.4143648400000002e-46
16.601	3.376038760000001e-46
16.64	3.3382944100000005e-46
16.678	3.30112561e-46
16.715999999999998	3.26416489e-46
16.755	3.2277715599999996e-46
16.794	3.1919395599999996e-46
16.832	3.1566628900000002e-46
16.871	3.1215822399999993e-46
16.91	3.087049e-46
16.949	3.0530572899999994e-46
16.988	3.01960129e-46
17.027	2.9863296099999996e-46
17.067	2.9535859600000005e-46
17.105999999999998	2.9213646399999997e-46
17.145	2.8896600100000012e-46
17.185	2.8581283599999994e-46
17.225	2.8271059599999995e-46
17.264	2.79625284e-46
17.304000000000002	2.7659016100000004e-46
17.344	2.7360468099999997e-46
17.384	2.7066830400000003e-46
17.424	2.67747769e-46
17.464000000000002	2.6487562499999995e-46
17.505	2.62018969e-46
17.545	2.592100000000001e-46
17.585	2.5644819600000002e-46
17.625999999999998	2.5370118399999993e-46
17.667	2.5100064899999998e-46
17.707	2.4834608099999998e-46
17.748	2.4570562499999997e-46
17.789	2.4311046400000005e-46
17.83	2.4052908099999996e-46
17.871	2.3799232899999993e-46
17.912	2.3549971599999995e-46
17.954	2.3302022500000004e-46
17.995	2.3058422500000006e-46
18.037	2.2816102499999995e-46
18.078	2.2578067599999997e-46
18.12	2.23412809e-46
18.162	2.2108716100000007e-46
18.204	2.1877368099999994e-46
18.246	2.1650179600000003e-46
18.288	2.1427104399999997e-46
18.33	2.12051844e-46
18.372	2.0987316900000005e-46
18.414	2.07705744e-46
18.457	2.0557824400000004e-46
18.499000000000002	2.0346169600000005e-46
18.542	2.013561e-46
18.585	1.9931792399999996e-46
18.628	1.9726202499999993e-46
18.671	1.95272676e-46
18.714000000000002	1.9326560400000005e-46
18.757	1.91296561e-46
18.8	1.8936512099999997e-46
18.844	1.8744348099999995e-46
18.887	1.8555888400000002e-46
18.930999999999997	1.83683809e-46
18.974	1.8181825600000005e-46
19.018	1.7998905599999996e-46
19.062	1.78195801e-46
19.105999999999998	1.7641152399999993e-46
19.15	1.7463622500000001e-46
19.194000000000003	1.7289620100000004e-46
19.238	1.7116488900000004e-46
19.283	1.6946832399999996e-46
19.327	1.6778020900000001e-46
19.372	1.6612632100000002e-46
19.416	1.6448062500000001e-46
19.461	1.62843121e-46
19.506	1.6123920400000003e-46
19.551	1.5964322499999996e-46
19.596	1.5808032900000002e-46
19.641	1.5652512099999996e-46
19.686	1.5500249999999997e-46
19.732	1.5348732100000004e-46
19.777	1.51979584e-46
19.823	1.5050382399999996e-46
19.869	1.4903526399999999e-46
19.915	1.4757390400000001e-46
19.96	1.46143921e-46
20.006	1.4472089999999994e-46
20.053	1.4332878400000005e-46
20.099	1.4194339600000005e-46
20.145	1.40588449e-46
20.192	1.3921640100000004e-46
20.238	1.3789804900000002e-46
20.285	1.3656259600000001e-46
20.332	1.3525690000000001e-46
20.379	1.3395747600000006e-46
20.426	1.3268736099999998e-46
20.473	1.31423296e-46
20.52	1.3016528100000004e-46
20.566999999999997	1.2893602500000002e-46
20.615	1.2771260099999997e-46
20.662	1.26495009e-46
20.71	1.2530563600000003e-46
20.758000000000003	1.2412188099999994e-46
20.805	1.2294374399999998e-46
20.853	1.2179329599999997e-46
20.901	1.2064825600000007e-46
20.95	1.1953048899999998e-46
20.998	1.1839616099999994e-46
21.046	1.172889e-46
21.095	1.162084e-46
21.144000000000002	1.1511144100000004e-46
21.191999999999997	1.1404104100000001e-46
21.241	1.1299690000000001e-46
21.29	1.119364e-46
21.339000000000002	1.1090196099999998e-46
21.389	1.0989328899999997e-46
21.438000000000002	1.0886835600000001e-46
21.487	1.0786899599999998e-46
21.537	1.0687424399999998e-46
21.586	1.0590468099999998e-46
21.636	1.04919049e-46
21.686	1.03978809e-46
21.736	1.0302250000000001e-46
21.785999999999998	1.0209081599999998e-46
21.837	1.0114324900000001e-46
21.886999999999997	1.00240144e-46
21.936999999999998	9.932514244000001e-47
21.988000000000003	9.842425681e-47
22.039	9.753537599999998e-47
22.089000000000002	9.665642596000001e-47
22.14	9.578536900000002e-47
22.191	9.492410041000001e-47
22.243000000000002	9.4070601e-47
22.294	9.322868024999998e-47
22.345	9.239438883999998e-47
22.397	9.156767481000001e-47
22.449	9.075229696000001e-47
22.5	8.994435921000002e-47
22.552	8.914381056e-47
22.604	8.835436008999998e-47
22.656	8.757029241000003e-47
22.709	8.679717224999999e-47
22.761	8.602933504000001e-47
22.813000000000002	8.527229649e-47
22.866	8.452228096e-47
22.919	8.377923961000001e-47
22.971999999999998	8.304494640999999e-47
23.025	8.231751440999999e-47
23.078000000000003	8.159689560999999e-47
23.131	8.088663969000001e-47
23.184	8.018127936000001e-47
23.238000000000003	7.948435716000001e-47
23.291	7.879402756000001e-47
23.345	7.811201161000002e-47
23.399	7.743472008999999e-47
23.453000000000003	7.676738689e-47
23.506999999999998	7.610468644e-47
23.561	7.545007043999999e-47
23.615	7.480174144e-47
23.67	7.415965456e-47
23.724	7.352548009e-47
23.779	7.289573641e-47
23.834	7.227380196000001e-47
23.889	7.165791801e-47
23.944000000000003	7.104972681e-47
23.999000000000002	7.044580623999999e-47
24.055	6.984947775999999e-47
24.11	6.925901284e-47
24.166	6.867271161e-47
24.221	6.809385360999997e-47
24.276999999999997	6.752073241e-47
24.333000000000002	6.695330624999997e-47
24.389	6.639316323999999e-47
24.445999999999998	6.583699599999996e-47
24.502	6.528639999999999e-47
24.558000000000003	6.474133444000002e-47
24.615	6.420336128999999e-47
24.671999999999997	6.366922849000001e-47
24.729	6.314050521e-47
24.785999999999998	6.261715161e-47
24.843000000000004	6.210070416e-47
24.9	6.158796484e-47
24.958000000000002	6.108047716e-47
25.015	6.057820224000001e-47
25.073	6.007955121e-47
25.131	5.958759248999999e-47
25.189	5.910073129000001e-47
25.247	5.861739844000002e-47
25.305	5.814062499999999e-47
25.363000000000003	5.766731720999999e-47
25.421999999999997	5.7198969e-47
25.48	5.673554329000001e-47
25.539	5.627550288999998e-47
25.598000000000003	5.582181795999999e-47
25.656999999999996	5.537145744000001e-47
25.715999999999998	5.492588543999999e-47
25.776	5.448358968999999e-47
25.835	5.404749288999999e-47
25.895	5.361461284e-47
25.954	5.318639041000002e-47
26.014	5.276279043999999e-47
26.074	5.234233104e-47
26.134	5.1926436e-47
26.194000000000003	5.151507075999999e-47
26.255	5.1106771210000005e-47
26.315	5.070294436000001e-47
26.375999999999998	5.030355625000002e-47
26.436999999999998	4.990716024999999e-47
26.498	4.951514689e-47
26.559	4.912748281000001e-47
26.62	4.874273856e-47
26.682	4.836228849000001e-47
26.743000000000002	4.798471441e-47
26.805	4.761138001e-47
26.866999999999997	4.724087823999999e-47
26.929000000000002	4.687456224999999e-47
26.991	4.651240000000001e-47
27.053	4.615300096e-47
27.115	4.579770276e-47
27.178	4.544512569e-47
27.241	4.509659715999999e-47
27.303	4.4750748160000005e-47
27.366	4.440889599999999e-47
27.429000000000002	4.406968225e-47
27.493000000000002	4.3733091609999995e-47
27.555999999999997	4.3401743999999986e-47
27.62	4.307165641e-47
27.683000000000003	4.2745443999999993e-47
27.747	4.242307689000001e-47
27.811	4.2101929960000006e-47
27.875	4.1785881640000005e-47
27.94	4.147102404000001e-47
28.004	4.1159923360000005e-47
28.069000000000003	4.085255056e-47
28.133000000000003	4.0547603289999995e-47
28.198	4.024506720999999e-47
28.263	3.9946192090000005e-47
28.328000000000003	3.9649690239999995e-47
28.394000000000002	3.9355547559999996e-47
28.459	3.9065000039999995e-47
28.525	3.8776774410000004e-47
28.590999999999998	3.849085681000001e-47
28.656	3.8207233439999997e-47
28.723000000000003	3.792712225000001e-47
28.789	3.7650496000000006e-47
28.855	3.737488225e-47
28.921999999999997	3.7102717439999996e-47
28.988000000000003	3.6832761e-47
29.055	3.656499961e-47
29.122	3.6300625e-47
29.189	3.603841023999999e-47
29.256999999999998	3.577834224999999e-47
29.324	3.5520408010000005e-47
29.392	3.5265782250000005e-47
29.46	3.5013255840000007e-47
29.528000000000002	3.4762816000000003e-47
29.596	3.4514450010000004e-47
29.664	3.4268145210000004e-47
29.732	3.402505561e-47
29.801	3.378399376000001e-47
29.87	3.354494724e-47
29.938000000000002	3.3307903690000005e-47
30.006999999999998	3.307285080999999e-47
30.076999999999998	3.283977635999999e-47
30.146	3.260981025e-47
30.215999999999998	3.238179025e-47
30.285	3.2155704360000005e-47
30.355	3.1931540640000007e-47
30.425	3.1709287209999996e-47
30.495	3.1488932250000003e-47
30.566	3.127158241e-47
30.636	3.105498529e-47
30.706999999999997	3.084136224999999e-47
30.776999999999997	3.062847649e-47
30.848000000000003	3.0418534089999994e-47
30.92	3.0210412960000004e-47
30.991	3.000410176e-47
31.061999999999998	2.979958921e-47
31.134	2.959686408999999e-47
31.206	2.939591524e-47
31.278000000000002	2.919673156e-47
31.35	2.8999302010000003e-47
31.421999999999997	2.880361561e-47
31.495	2.8609661439999994e-47
31.566999999999997	2.841849481e-47
31.64	2.8227969e-47
31.713	2.8039143040000005e-47
31.785999999999998	2.785200625e-47
31.859	2.76676e-47
31.933000000000003	2.7483806249999996e-47
32.007	2.7301670010000004e-47
32.08	2.7121180839999996e-47
32.154	2.694336649e-47
32.228	2.6766136960000008e-47
32.303000000000004	2.659052356e-47
32.376999999999995	2.641651609000001e-47
32.452	2.6244104409999994e-47
32.527	2.607327844000001e-47
32.602	2.5904028160000005e-47
32.677	2.5735329000000007e-47
32.751999999999995	2.556920356e-47
32.828	2.5404624090000004e-47
32.904	2.5240576e-47
32.979	2.507906241e-47
33.055	2.4918067239999996e-47
33.132	2.475958081e-47
33.208	2.46016e-47
33.285	2.444511364000001e-47
33.361	2.429011224999999e-47
33.438	2.413658641e-47
33.515	2.398354729e-47
33.593	2.383294761e-47
33.67	2.3683795560000004e-47
33.748000000000005	2.353511169e-47
33.826	2.338786321e-47
33.904	2.3242041000000004e-47
33.982	2.3097636e-47
34.06	2.2954639210000004e-47
34.139	2.281208644e-47
34.218	2.267092996e-47
34.296	2.2532110240000006e-47
34.376	2.239371684e-47
34.455	2.225574976e-47
34.534	2.212009024e-47
34.614000000000004	2.198484544e-47
34.694	2.1851885160000003e-47
34.774	2.1719328159999997e-47
34.854	2.1588103690000002e-47
34.934	2.1457276840000003e-47
35.015	2.132777124e-47
35.096	2.1200499359999998e-47
35.176	2.1073608360000003e-47
35.258	2.0947098240000004e-47
35.339	2.0822794240000003e-47
35.42	2.0698860159999998e-47
35.501999999999995	2.0576203210000007e-47
35.584	2.0454815290000003e-47
35.666	2.0333786489999999e-47
35.748000000000005	2.0214016000000005e-47
35.830999999999996	2.0095495840000001e-47
35.913000000000004	1.9978218089999997e-47
35.996	1.9861283559999998e-47
36.079	1.9745580960000003e-47
36.162	1.9631102489999998e-47
36.246	1.951784041e-47
36.329	1.940490601e-47
36.413000000000004	1.9293177760000004e-47
36.497	1.918177209e-47
36.580999999999996	1.9072435840000002e-47
36.666	1.896341209e-47
36.75	1.8855569289999997e-47
36.835	1.8748034010000002e-47
36.92	1.8641669759999997e-47
37.005	1.8536469159999995e-47
37.09	1.8431566239999999e-47
37.176	1.8327817210000003e-47
37.262	1.8225214810000003e-47
37.347	1.8123751840000002e-47
37.434	1.8022572090000004e-47
37.52	1.792252225e-47
37.606	1.7822750890000002e-47
37.693000000000005	1.7724100000000002e-47
37.78	1.762656256e-47
37.867	1.7529294240000003e-47
37.955	1.7433130090000003e-47
38.042	1.733806321e-47
38.13	1.7243256249999994e-47
38.218	1.7149537440000004e-47
38.306	1.705607401e-47
38.394	1.696368969e-47
38.483000000000004	1.6872377759999999e-47
38.571	1.6781312249999996e-47
38.66	1.6691310249999998e-47
38.75	1.660155025e-47
38.839	1.6513657690000002e-47
38.928000000000004	1.6425187840000002e-47
39.018	1.6337764e-47
39.108000000000004	1.625137969e-47
39.198	1.6166028489999998e-47
39.289	1.6080902010000003e-47
39.379	1.5996000249999996e-47
39.47	1.5912918810000003e-47
39.561	1.582925796e-47
39.652	1.5747404889999997e-47
39.744	1.5664972409999997e-47
39.836	1.5584335290000005e-47
39.927	1.5503906250000001e-47
40.019	1.5423685289999998e-47
40.111999999999995	1.5344455839999996e-47
40.204	1.5266211839999999e-47
40.297	1.5188167839999996e-47
40.39	1.5111101289999998e-47
40.483000000000004	1.5034230759999998e-47
40.576	1.4958329760000004e-47
40.67	1.4882620840000003e-47
40.764	1.4807873609999998e-47
40.858000000000004	1.473408225e-47
40.952	1.4659709440000002e-47
41.04600000000001	1.4587052490000006e-47
41.141000000000005	1.4514576040000003e-47
41.236000000000004	1.4442280090000001e-47
41.331	1.4370922809999997e-47
41.426	1.429974225e-47
41.522	1.4229492840000003e-47
41.618	1.4160169000000002e-47
41.714	1.4091014439999999e-47
41.81	1.402202916e-47
41.906000000000006	1.3953960249999998e-47
42.003	1.3886056960000002e-47
42.1	1.3819062759999998e-47
42.196999999999996	1.375297225e-47
42.294	1.3687040160000002e-47
42.391999999999996	1.3621266489999998e-47
42.489	1.3556387609999997e-47
42.586999999999996	1.3491663609999998e-47
42.68600000000001	1.3427827360000003e-47
42.784	1.336414249e-47
42.883	1.3300609e-47
42.981	1.323868225e-47
43.081	1.3176174009999999e-47
43.18	1.3114537960000005e-47
43.28	1.3053769e-47
43.379	1.2992420249999996e-47
43.479	1.2932654440000001e-47
43.58	1.2873026409999997e-47
43.68	1.2813536159999999e-47
43.781000000000006	1.2754897959999996e-47
43.882	1.269639424e-47
43.983000000000004	1.2638025e-47
44.083999999999996	1.2580499609999998e-47
44.18600000000001	1.2523813210000003e-47
44.288000000000004	1.246654864e-47
44.39	1.2410824409999997e-47
44.492	1.2354522009999998e-47
44.595	1.2299048999999996e-47
44.698	1.2244400639999998e-47
44.801	1.218987396e-47
44.903999999999996	1.213546896e-47
45.008	1.208188081e-47
45.111999999999995	1.202841124e-47
45.216	1.1975060250000004e-47
45.32	1.1922518409999996e-47
45.424	1.1870781159999997e-47
45.528999999999996	1.1818468840000005e-47
45.63399999999999	1.176695809e-47
45.739	1.1716244409999995e-47
45.845	1.1665640250000004e-47
45.951	1.1615145609999998e-47
46.056999999999995	1.156544064e-47
46.163000000000004	1.151584225e-47
46.269	1.1466350440000002e-47
46.376000000000005	1.1417640999999993e-47
46.483000000000004	1.1369035239999998e-47
46.59	1.132053316e-47
46.696999999999996	1.1272806250000003e-47
46.805	1.122518016e-47
46.913000000000004	1.1178323560000002e-47
47.021	1.1131564959999997e-47
47.13	1.108490436e-47
47.238	1.1039006249999995e-47
47.347	1.0993203359999998e-47
47.457	1.0947495689999998e-47
47.566	1.090254361e-47
47.676	1.085768401e-47
47.786	1.0813574560000004e-47
47.896	1.0769554889999998e-47
48.006	1.0725624999999998e-47
48.117	1.0681784890000001e-47
48.228	1.063868689e-47
48.339	1.059567601e-47
48.451	1.0553401960000004e-47
48.562	1.0510564e-47
48.674	1.046846025e-47
48.787	1.042708681e-47
48.898999999999994	1.038579529e-47
49.012	1.034458569e-47
49.125	1.030345801e-47
49.238	1.0263052959999998e-47
49.352	1.0222727289999999e-47
49.465	1.0182481000000004e-47
49.57899999999999	1.0142951040000001e-47
49.693999999999996	1.0103497959999997e-47
49.808	1.0064121759999999e-47
49.923	1.0025455690000003e-47
50.038000000000004	9.98686404e-48
50.153999999999996	9.948346810000002e-48
50.269	9.910533609999998e-48
50.385	9.872792410000001e-48
50.501999999999995	9.835123210000001e-48
50.618	9.797526010000002e-48
50.735	9.76062564e-48
50.852	9.723794890000002e-48
50.968999999999994	9.68703376e-48
51.086999999999996	9.650963559999997e-48
51.20399999999999	9.61496064e-48
51.321999999999996	9.579025000000001e-48
51.441	9.543774490000003e-48
51.559	9.507972249999998e-48
51.678000000000004	9.472852839999999e-48
51.797	9.438412840000002e-48
51.917	9.403422249999999e-48
52.037	9.369108809999999e-48
52.157	9.334858090000002e-48
52.277	9.30128004e-48
52.397	9.267153640000003e-48
52.518	9.233697690000001e-48
52.638999999999996	9.200908890000002e-48
52.761	9.16757284e-48
52.882	9.134901759999999e-48
53.004	9.102288999999998e-48
53.126999999999995	9.069734560000002e-48
53.248999999999995	9.037839690000001e-48
53.372	9.00540081e-48
53.495	8.97361936e-48
53.618	8.94249216e-48
53.742	8.910822009999999e-48
53.86600000000001	8.87980401e-48
53.99	8.848840089999999e-48
54.115	8.818524159999999e-48
54.239	8.78766736e-48
54.365	8.757456489999998e-48
54.49	8.72729764e-48
54.61600000000001	8.69719081e-48
54.74100000000001	8.667724810000001e-48
54.868	8.638308809999997e-48
54.994	8.608942809999999e-48
55.121	8.57962681e-48
55.248000000000005	8.55036081e-48
55.376000000000005	8.52172864e-48
55.503	8.493144489999999e-48
55.631	8.464608360000003e-48
55.76	8.436701159999998e-48
55.888000000000005	8.408260090000002e-48
56.016999999999996	8.380446009999998e-48
56.146	8.35267801e-48
56.276	8.32553316e-48
56.405	8.297856359999999e-48
56.535	8.270800809999999e-48
56.666000000000004	8.243789439999999e-48
56.797	8.21682225e-48
56.928000000000004	8.190471609999999e-48
57.059	8.163591840000002e-48
57.19	8.137326759999999e-48
57.321999999999996	8.111104000000003e-48
57.45399999999999	8.084923559999999e-48
57.586999999999996	8.059353210000003e-48
57.72	8.03382336e-48
57.853	8.008334009999998e-48
57.986000000000004	7.982885160000002e-48
58.12	7.95747681e-48
58.254	7.932672250000002e-48
58.388000000000005	7.907344000000001e-48
58.523	7.882617759999998e-48
58.658	7.857930239999999e-48
58.793	7.833841209999999e-48
58.928999999999995	7.809230250000002e-48
59.065	7.78521604e-48
59.201	7.761238809999999e-48
59.336999999999996	7.73729856e-48
59.474	7.71339529e-48
59.611000000000004	7.690083609999999e-48
59.748999999999995	7.66680721e-48
59.887	7.64301316e-48
60.025	7.620360249999998e-48
60.163000000000004	7.597189690000001e-48
60.302	7.57405441e-48
60.441	7.551504000000002e-48
60.58	7.528987209999999e-48
60.72	7.506504039999998e-48
60.86	7.48405449e-48
61.0	7.461638559999998e-48
61.141000000000005	7.43980176e-48
61.282	7.417996959999997e-48
61.423	7.396224159999998e-48
61.565	7.37448336e-48
61.707	7.35277456e-48
61.849	7.331097759999998e-48
61.992	7.309993689999999e-48
62.135	7.288920040000002e-48
62.278	7.26787681e-48
62.422	7.246863999999998e-48
62.566	7.225881610000001e-48
62.71	7.205466489999999e-48
62.855	7.184544160000001e-48
62.998999999999995	7.164187559999999e-48
63.145	7.143859839999999e-48
63.29	7.123560999999998e-48
63.43600000000001	7.103824089999999e-48
63.583	7.083582250000001e-48
63.729	7.063900839999998e-48
63.876000000000005	7.044246810000001e-48
64.023	7.024620160000001e-48
64.171	7.005020890000001e-48
64.319	6.985449000000003e-48
64.467	6.96590449e-48
64.616	6.94691449e-48
64.765	6.927950409999998e-48
64.914	6.909012249999998e-48
65.064	6.89010001e-48
65.214	6.87121369e-48
65.365	6.85235329e-48
65.515	6.834041640000001e-48
65.666	6.815232359999999e-48
65.818	6.79697041e-48
65.97	6.778732960000002e-48
66.122	6.76052001e-48
66.274	6.742331559999998e-48
66.42699999999999	6.72468624e-48
66.58	6.70654609e-48
66.734	6.688947690000001e-48
66.888	6.671372409999999e-48
67.042	6.65382025e-48
67.196	6.636291209999998e-48
67.351	6.618785290000002e-48
67.507	6.601816359999999e-48
67.66199999999999	6.584356000000002e-48
67.818	6.56743129e-48
67.975	6.55052836e-48
68.132	6.53364721e-48
68.289	6.516787839999998e-48
68.446	6.49995025e-48
68.604	6.483134439999998e-48
68.762	6.466849e-48
68.921	6.450076089999999e-48
69.08	6.433832250000002e-48
69.23899999999999	6.417608890000001e-48
69.399	6.40140601e-48
69.559	6.385223609999999e-48
69.719	6.36906169e-48
69.88	6.353424360000001e-48
70.041	6.337302759999998e-48
70.202	6.321704489999998e-48
70.36399999999999	6.306125439999999e-48
70.527	6.290064e-48
70.689	6.275025000000001e-48
70.852	6.25950361e-48
71.016	6.244001440000002e-48
71.179	6.228518489999998e-48
71.344	6.213553290000002e-48
71.508	6.198108159999998e-48
71.673	6.18317956e-48
71.83800000000001	6.168268960000001e-48
72.00399999999999	6.153376360000001e-48
72.17	6.13850176e-48
72.336	6.123645160000001e-48
72.503	6.10930089e-48
72.67	6.094479690000002e-48
72.83800000000001	6.080169640000001e-48
73.006	6.06538384e-48
73.17399999999999	6.05110801e-48
73.343	6.036848999999999e-48
73.512	6.022606809999998e-48
73.682	6.00838144e-48
73.852	5.994172890000001e-48
74.02199999999999	5.98047025e-48
74.193	5.966294759999999e-48
74.36399999999999	5.952624040000002e-48
74.535	5.938968999999999e-48
74.707	5.924842809999998e-48
74.87899999999999	5.91121969e-48
75.05199999999999	5.897612250000001e-48
75.225	5.884020489999999e-48
75.399	5.870929e-48
75.572	5.85736804e-48
75.747	5.843822760000002e-48
75.921	5.830776089999998e-48
76.096	5.817261610000002e-48
76.27199999999999	5.80424464e-48
76.44800000000001	5.791242249999999e-48
76.624	5.77825444e-48
76.801	5.76528121e-48
76.97800000000001	5.752322560000001e-48
77.155	5.73937849e-48
77.333	5.726927610000001e-48
77.512	5.71401216e-48
77.69	5.70158884e-48
77.87	5.68870201e-48
78.04899999999999	5.676306249999999e-48
78.229	5.663924010000001e-48
78.40899999999999	5.65155529e-48
78.59	5.639200089999999e-48
78.77199999999999	5.62685841e-48
78.953	5.614530249999999e-48
79.135	5.60221561e-48
79.318	5.59038736e-48
79.501	5.57809924e-48
79.684	5.566296490000001e-48
79.868	5.554034889999999e-48
80.05199999999999	5.542257640000001e-48
80.236	5.53049289e-48
80.421	5.518740640000002e-48
80.607	5.507000889999999e-48
80.793	5.495273639999998e-48
80.979	5.48355889e-48
81.166	5.472324490000002e-48
81.35300000000001	5.46063424e-48
81.541	5.4489564899999996e-48
81.729	5.4377576100000016e-48
81.917	5.42657025e-48
82.10600000000001	5.4149289999999994e-48
82.295	5.403765160000001e-48
82.485	5.392612840000001e-48
82.675	5.3814720399999996e-48
82.866	5.370342760000001e-48
83.057	5.359224999999999e-48
83.249	5.348118760000001e-48
83.441	5.33748609e-48
83.633	5.32640241e-48
83.82600000000001	5.31533025e-48
84.01899999999999	5.3047302400000006e-48
84.213	5.294140810000001e-48
84.40700000000001	5.283102250000001e-48
84.602	5.272534439999998e-48
84.79700000000001	5.261977209999998e-48
84.992	5.2514305599999987e-48
85.18799999999999	5.2408944899999994e-48
85.385	5.230369e-48
85.58200000000001	5.21985409e-48
85.779	5.209806250000001e-48
85.977	5.19931204e-48
86.175	5.1888284099999985e-48
86.374	5.178810489999999e-48
86.573	5.16834756e-48
86.773	5.1583494399999993e-48
86.973	5.148361e-48
87.17299999999999	5.13792889e-48
87.374	5.12796025e-48
87.57600000000001	5.118001290000002e-48
87.77799999999999	5.1080520099999996e-48
87.98	5.098112409999999e-48
88.18299999999999	5.088182490000001e-48
88.38600000000001	5.078712960000001e-48
88.59	5.06880196e-48
88.795	5.0589006399999994e-48
88.999	5.0494584100000007e-48
89.205	5.03957601e-48
89.41	5.0301518399999994e-48
89.616	5.0202883600000003e-48
89.823	5.01088225e-48
90.03	5.0014849599999994e-48
90.238	4.992096490000001e-48
90.446	4.982716840000002e-48
90.655	4.9733460100000016e-48
90.86399999999999	4.9639840000000014e-48
91.073	4.954630810000001e-48
91.28299999999999	4.9452864400000025e-48
91.494	4.935950889999999e-48
91.705	4.9270680900000005e-48
91.916	4.91774976e-48
92.12799999999999	4.9084402499999994e-48
92.34	4.8995822499999996e-48
92.553	4.890289959999999e-48
92.76700000000001	4.881448359999999e-48
92.98100000000001	4.872614759999999e-48
93.195	4.863348089999999e-48
93.41	4.8545308900000004e-48
93.625	4.845721689999999e-48
93.84100000000001	4.8369204900000006e-48
94.05799999999999	4.8281272899999987e-48
94.275	4.8193420900000007e-48
94.492	4.810564889999999e-48
94.71	4.802233959999999e-48
94.928	4.793472360000001e-48
95.147	4.7847187599999995e-48
95.367	4.776410250000001e-48
95.587	4.76767225e-48
95.807	4.7589422500000017e-48
96.02799999999999	4.75065616e-48
96.249	4.742377290000001e-48
96.471	4.733670490000001e-48
96.694	4.72540644e-48
96.917	4.71714961e-48
97.14	4.708899999999999e-48
97.36399999999999	4.700657610000001e-48
97.589	4.6924224399999997e-48
97.814	4.6841944899999985e-48
98.039	4.675973759999999e-48
98.266	4.6677602499999994e-48
98.492	4.6595539599999996e-48
98.719	4.651354889999999e-48
98.947	4.6435940099999994e-48
99.175	4.6354090000000016e-48
99.404	4.62723121e-48
99.633	4.619490490000001e-48
99.863	4.61132676e-48
100.09	4.603599360000001e-48
100.32	4.595878440000002e-48
100.56	4.5877356100000005e-48
100.79	4.58002801e-48
101.02	4.57232689e-48
101.25	4.5646322499999996e-48
101.49	4.556944089999999e-48
101.72	4.5492624099999994e-48
101.95	4.5415872100000005e-48
102.19	4.53391849e-48
102.43	4.5262562500000005e-48
102.66	4.5186004900000014e-48
102.9	4.510951209999999e-48
103.14	4.5033084100000017e-48
103.37	4.496096159999999e-48
103.61	4.488465959999999e-48
103.85	4.480842240000001e-48
104.09	4.473648009999999e-48
104.33	4.46603689e-48
104.57	4.458854560000001e-48
104.81	4.451678010000001e-48
105.05	4.44408561e-48
105.3	4.4369209599999997e-48
105.54	4.429762089999999e-48
105.78	4.422609e-48
106.03	4.41504144e-48
106.27	4.407900250000001e-48
106.52	4.400764839999999e-48
106.76	4.3936352099999987e-48
107.01	4.38651136e-48
107.25	4.3793932899999993e-48
107.5	4.372699210000001e-48
107.75	4.365592359999999e-48
108.0	4.3584912900000004e-48
108.25	4.3513959999999996e-48
108.5	4.34472336e-48
108.75	4.33763929e-48
109.0	4.330560999999999e-48
109.25	4.323904360000001e-48
109.5	4.31683729e-48
109.75	4.3101912100000003e-48
110.01	4.30355025e-48
110.26	4.29649984e-48
110.51	4.28986944e-48
110.77	4.28324416e-48
111.02	4.2766240000000003e-48
111.28	4.26959569e-48
111.54	4.262986090000001e-48
111.79	4.25638161e-48
112.05	4.24978225e-48
112.31	4.24318801e-48
112.57	4.23659889e-48
112.83	4.23001489e-48
113.09	4.22343601e-48
113.35	4.2172729600000004e-48
113.61	4.210704e-48
113.87	4.2041401599999986e-48
114.14	4.197581439999999e-48
114.4	4.191437289999999e-48
114.66	4.184888489999999e-48
114.93	4.17875364e-48
115.19	4.1722147599999994e-48
115.46	4.16608921e-48
115.72	4.15956025e-48
115.99	4.1534440000000004e-48
116.26	4.1469249600000006e-48
116.53	4.140818009999999e-48
116.8	4.1347155599999997e-48
117.06	4.1286176099999984e-48
117.33	4.1221180900000004e-48
117.61	4.116029439999999e-48
117.88	4.1099452899999995e-48
118.15	4.10386564e-48
118.42	4.09779049e-48
118.69	4.0917198400000006e-48
118.97	4.0856536899999994e-48
119.24	4.07959204e-48
119.52	4.07353489e-48
119.79	4.067885609999999e-48
120.07	4.06183716e-48
120.35	4.0557932100000005e-48
120.62	4.049753759999999e-48
120.9	4.044121000000002e-48
121.18	4.0380902500000005e-48
121.46	4.032063999999999e-48
121.74	4.026443560000001e-48
122.02	4.02042601e-48
122.3	4.0148136899999995e-48
122.58	4.0088048400000017e-48
122.87	4.0032006399999996e-48
123.15	3.99760036e-48
123.43	3.991604410000001e-48
123.72	3.98601225e-48
124.0	3.980424010000001e-48
124.29	3.974839690000001e-48
124.58	3.96886084e-48
124.86	3.96328464e-48
125.15	3.95771236e-48
125.44	3.952144000000001e-48
125.73	3.9465795600000005e-48
126.02	3.941019040000001e-48
126.31	3.9354624399999985e-48
126.6	3.9299097599999993e-48
126.89	3.9243610000000003e-48
127.19	3.91921209e-48
127.48	3.913670889999999e-48
127.77	3.90813361e-48
128.07	3.9026002500000006e-48
128.36	3.897465639999999e-48
128.66	3.89193984e-48
128.96	3.88641796e-48
129.25	3.88129401e-48
129.55	3.875779689999999e-48
129.85	3.87066276e-48
130.15	3.865156e-48
130.45	3.860046090000001e-48
130.75	3.8545468900000003e-48
131.05	3.8494439999999996e-48
131.35	3.844344490000001e-48
131.66	3.83885649e-48
131.96	3.833764e-48
132.26	3.828674890000001e-48
132.57	3.8231980900000003e-48
132.88	3.818116e-48
133.18	3.813037289999999e-48
133.49	3.8079619599999993e-48
133.8	3.80289001e-48
134.11	3.7978214400000017e-48
134.41	3.79275625e-48
134.72	3.787694439999999e-48
135.04	3.7826360100000005e-48
135.35	3.77758096e-48
135.66	3.7725292899999996e-48
135.97	3.76786921e-48
136.29	3.7628240399999993e-48
136.6	3.757782249999999e-48
136.91	3.75274384e-48
137.23	3.748096e-48
137.55	3.74306409e-48
137.86	3.7380355599999997e-48
138.18	3.7333968399999997e-48
138.5	3.728374810000001e-48
138.82	3.72374209e-48
139.14	3.7187265600000004e-48
139.46	3.7140998400000005e-48
139.78	3.7090908099999997e-48
140.1	3.70447009e-48
140.43	3.699467559999999e-48
140.75	3.6948528399999994e-48
141.08	3.690241000000001e-48
141.4	3.685632040000001e-48
141.73	3.6806422499999995e-48
142.05	3.676039289999999e-48
142.38	3.671439209999999e-48
142.71	3.666842010000001e-48
143.04	3.662247689999999e-48
143.37	3.657656250000001e-48
143.7	3.653067690000001e-48
144.03	3.6484820100000006e-48
144.36	3.643899209999999e-48
144.7	3.6393192899999995e-48
145.03	3.634742250000001e-48
145.36	3.6301680899999994e-48
145.7	3.6255968099999995e-48
146.04	3.621028410000001e-48
146.37	3.616462890000001e-48
146.71	3.6122803600000013e-48
147.05	3.60772036e-48
147.39	3.60316324e-48
147.73	3.59898841e-48
148.07	3.594436809999999e-48
148.41	3.58988809e-48
148.75	3.5857209599999994e-48
149.09	3.5811777600000005e-48
149.44	3.57701569e-48
149.78	3.5724780099999993e-48
150.13	3.568321e-48
150.47	3.56378884e-48
150.82	3.55963689e-48
151.17	3.555487360000001e-48
151.52	3.550963359999999e-48
151.87	3.54681889e-48
152.22	3.54267684e-48
152.57	3.538537209999999e-48
152.92	3.5343999999999996e-48
153.27	3.5298894399999995e-48
153.63	3.52575729e-48
153.98	3.52162756e-48
154.34	3.517500249999999e-48
154.69	3.5133753600000007e-48
155.05	3.50925289e-48
155.41	3.50513284e-48
155.76	3.5010152100000005e-48
156.12	3.496900000000001e-48
156.48	3.49278721e-48
156.84	3.489050409999999e-48
157.21	3.484942239999999e-48
157.57	3.4808364899999996e-48
157.93	3.47673316e-48
158.3	3.472632249999999e-48
158.66	3.46890625e-48
159.03	3.46480996e-48
159.39	3.4607160900000006e-48
159.76	3.45699649e-48
160.13	3.4529072400000004e-48
160.5	3.4491918399999993e-48
160.87	3.44510721e-48
161.24	3.4413960099999995e-48
161.61	3.437316000000001e-48
161.98	3.433609e-48
162.36	3.429533610000001e-48
162.73	3.42583081e-48
163.11	3.422130010000001e-48
163.48	3.41806144e-48
163.86	3.4143648400000003e-48
164.24	3.4106702399999997e-48
164.62	3.4069776400000004e-48
165.0	3.4032870399999996e-48
165.38	3.3992296899999985e-48
165.76	3.3955432899999997e-48
166.14	3.39185889e-48
166.52	3.388176490000001e-48
166.91	3.38449609e-48
167.29	3.380817690000001e-48
167.68	3.37714129e-48
168.07	3.373466890000001e-48
168.45	3.3697944900000004e-48
168.84	3.3661240899999997e-48
169.23	3.3624556900000004e-48
169.62	3.35915584e-48
170.01	3.355491240000001e-48
170.4	3.35182864e-48
170.8	3.3481680399999993e-48
171.19	3.34487521e-48
171.59	3.3412184100000007e-48
171.98	3.3375636100000004e-48
172.38	3.3342759999999996e-48
172.78	3.3306249999999995e-48
173.17	3.3273408100000005e-48
173.57	3.32369361e-48
173.97	3.320412839999999e-48
174.37	3.3167694399999985e-48
174.78	3.313492090000001e-48
175.18	3.30985249e-48
175.58	3.30657856e-48
175.99	3.30330625e-48
176.39	3.29967225e-48
176.8	3.29640336e-48
177.21	3.29313609e-48
177.62	3.2895076900000006e-48
178.03	3.28624384e-48
178.44	3.282981610000001e-48
178.85	3.279720999999999e-48
179.26	3.2764620100000006e-48
179.68	3.27320464e-48
180.09	3.26994889e-48
180.5	3.266694759999999e-48
180.92	3.26344225e-48
181.34	3.26019136e-48
181.76	3.2569420899999996e-48
182.18	3.25369444e-48
182.6	3.2504484099999994e-48
183.02	3.247204e-48
183.44	3.24396121e-48
183.86	3.2410800899999996e-48
184.29	3.237840360000001e-48
184.71	3.2346022499999994e-48
185.14	3.23136576e-48
185.56	3.2284902400000005e-48
185.99	3.22525681e-48
186.42	3.22238401e-48
186.85	3.2191536399999993e-48
187.28	3.2162835599999996e-48
187.71	3.2130562500000004e-48
188.15	3.210188890000001e-48
188.58	3.20696464e-48
189.01	3.2041000000000004e-48
189.45	3.200878809999999e-48
189.89	3.19801689e-48
190.33	3.19515625e-48
190.76	3.19193956e-48
191.2	3.1890816399999995e-48
191.65	3.1862249999999996e-48
192.09	3.1833696399999994e-48
192.53	3.1801588900000006e-48
192.97	3.177306249999999e-48
193.42	3.1744548899999995e-48
193.87	3.171604810000001e-48
194.31	3.1687560100000005e-48
194.76	3.1659084900000007e-48
195.21	3.1630622499999994e-48
195.66	3.160217290000001e-48
196.11	3.157373609999999e-48
196.56	3.15453121e-48
197.02	3.1516900899999994e-48
197.47	3.1488502500000006e-48
197.93	3.14636644e-48
198.38	3.1435289999999997e-48
198.84	3.140692840000001e-48
199.3	3.137857960000001e-48
199.76	3.1353784900000003e-48
200.22	3.1325460100000004e-48
200.68	3.1297148100000003e-48
201.14	3.127238559999999e-48
201.61	3.12440976e-48
202.07	3.12193561e-48
202.54	3.1191092099999996e-48
203.0	3.11663716e-48
203.47	3.11381316e-48
203.94	3.1113432100000005e-48
204.41	3.108521609999999e-48
204.88	3.106053759999999e-48
205.36	3.103586890000001e-48
205.83	3.1007688099999995e-48
206.3	3.09830404e-48
206.78	3.09584025e-48
207.26	3.093377439999999e-48
207.73	3.0909156099999997e-48
208.21	3.0881032900000006e-48
208.69	3.08564356e-48
209.18	3.083184809999999e-48
209.66	3.0807270400000004e-48
210.14	3.07827025e-48
210.63	3.07581444e-48
211.11	3.0733596100000003e-48
211.6	3.0709057599999995e-48
212.09	3.06845289e-48
212.58	3.06635121e-48
213.07	3.063900159999999e-48
213.56	3.061450090000001e-48
214.05	3.059001e-48
214.54	3.056552889999999e-48
215.04	3.054455290000001e-48
215.53	3.052009e-48
216.03	3.049563689999999e-48
216.53	3.04746849e-48
217.03	3.0450250000000003e-48
217.53	3.042931360000001e-48
218.03	3.04048969e-48
218.53	3.0383976100000003e-48
219.04	3.0359577600000004e-48
219.54	3.03386724e-48
220.05	3.0314292100000004e-48
220.56	3.0293402499999996e-48
221.06	3.027252009999999e-48
221.57	3.025164490000001e-48
222.08	3.022729959999999e-48
222.6	3.0206440000000005e-48
223.11	3.01855876e-48
223.62	3.01647424e-48
224.14	3.01439044e-48
224.66	3.0119602499999993e-48
225.18	3.009878010000001e-48
225.69	3.007796489999999e-48
226.22	3.005715690000001e-48
226.74	3.00363561e-48
227.26	3.00190276e-48
227.78	2.9998239999999996e-48
228.31	2.99774596e-48
228.84	2.99566864e-48
229.36	2.993592039999999e-48
229.89	2.991516160000001e-48
230.42	2.989786810000001e-48
230.95	2.98771225e-48
231.49	2.985638409999999e-48
232.02	2.9839107600000003e-48
232.56	2.9818382399999993e-48
233.09	2.97976644e-48
233.63	2.9780404899999997e-48
234.17	2.9759700100000005e-48
234.71	2.974245159999999e-48
235.25	2.97252081e-48
235.79	2.9704522500000003e-48
236.34	2.968729e-48
236.88	2.9666617599999994e-48
237.43	2.9649396100000004e-48
237.97	2.9632179600000005e-48
238.52	2.9614968100000013e-48
239.07	2.9594320899999996e-48
239.62	2.9577120400000005e-48
240.18	2.95599249e-48
240.73	2.954273440000001e-48
241.29	2.952554889999999e-48
241.84	2.95083684e-48
242.4	2.94911929e-48
242.96	2.947402240000001e-48
243.52	2.945685689999999e-48
244.08	2.9439696400000004e-48
244.64	2.94225409e-48
245.21	2.940539040000001e-48
245.77	2.9391673599999995e-48
246.34	2.9374532099999996e-48
246.91	2.9357395600000005e-48
247.48	2.9343690000000006e-48
248.05	2.93265625e-48
248.62	2.930944e-48
249.19	2.92957456e-48
249.77	2.927863209999999e-48
250.34	2.926494490000001e-48
250.92	2.92478404e-48
251.5	2.923416039999999e-48
252.08	2.92170649e-48
252.66	2.92033921e-48
253.24	2.91897225e-48
253.83	2.9172640000000013e-48
254.41	2.91589776e-48
255.0	2.91453184e-48
255.59	2.91316624e-48
256.18	2.9118009599999995e-48
256.77	2.9100948100000005e-48
257.36	2.9087302499999994e-48
257.95	2.9073660100000005e-48
258.55	2.9060020899999997e-48
259.14	2.90463849e-48
259.74	2.903275210000001e-48
260.34	2.9019122499999994e-48
260.94	2.90089024e-48
261.54	2.8995278400000014e-48
262.15	2.8981657599999996e-48
262.75	2.896804e-48
263.36	2.89578289e-48
263.96	2.89442169e-48
264.57	2.89306081e-48
265.18	2.8920403600000004e-48
265.79	2.890680039999999e-48
266.41	2.8893200400000004e-48
267.02	2.888300250000001e-48
267.64	2.88728064e-48
268.25	2.88592144e-48
268.87	2.8849022500000004e-48
269.49	2.883543609999999e-48
270.11	2.882524839999999e-48
270.74	2.881506250000001e-48
271.36	2.88048784e-48
271.99	2.87913024e-48
272.61	2.8781122500000004e-48
273.24	2.8770944400000005e-48
273.87	2.87607681e-48
274.5	2.87505936e-48
275.14	2.87404209e-48
275.77	2.8730249999999994e-48
276.41	2.87200809e-48
277.05	2.87099136e-48
277.68	2.8699748100000004e-48
278.32	2.8692972099999997e-48
278.97	2.86828096e-48
279.61	2.86726489e-48
280.25	2.8662490000000003e-48
280.9	2.86557184e-48
281.55	2.864556249999999e-48
282.2	2.8638792899999995e-48
282.85	2.862864e-48
283.5	2.861848889999999e-48
284.15	2.8611722499999994e-48
284.81	2.86049569e-48
285.47	2.859480999999999e-48
286.13	2.85880464e-48
286.78	2.858128360000001e-48
287.45	2.85711409e-48
288.11	2.85643801e-48
288.77	2.8557620099999996e-48
289.44	2.85508609e-48
290.11	2.85441025e-48
290.78	2.85373449e-48
291.45	2.8530588099999995e-48
292.12	2.85238321e-48
292.79	2.851707690000001e-48
293.47	2.851032249999999e-48
294.14	2.8503568899999996e-48
294.82	2.84968161e-48
295.5	2.84900641e-48
296.18	2.848668840000001e-48
296.87	2.84799376e-48
297.55	2.847318759999999e-48
298.24	2.8469812900000005e-48
298.92	2.84630641e-48
299.61	2.845968999999999e-48
300.31	2.84529424e-48
301.0	2.844956890000001e-48
301.69	2.84428225e-48
302.39	2.843944959999999e-48
303.08	2.84360769e-48
303.78	2.8432704399999996e-48
304.48	2.842596e-48
305.19	2.8422588099999995e-48
305.89	2.8419216400000007e-48
306.6	2.8415844900000006e-48
307.3	2.84124736e-48
308.01	2.840910250000001e-48
308.72	2.840573159999999e-48
309.43	2.8402360899999993e-48
310.15	2.83989904e-48
310.86	2.83956201e-48
311.58	2.8392250000000005e-48
312.3	2.8392250000000005e-48
313.02	2.83888801e-48
313.74	2.83855104e-48
314.46	2.83855104e-48
315.19	2.838214090000001e-48
315.91	2.838214090000001e-48
316.64	2.8378771600000004e-48
317.37	2.8378771600000004e-48
318.11	2.8375402500000004e-48
318.84	2.8375402500000004e-48
319.57	2.8375402500000004e-48
320.31	2.83720336e-48
321.05	2.83720336e-48
321.79	2.83720336e-48
322.53	2.83720336e-48
323.28	2.83720336e-48
324.02	2.83720336e-48
324.77	2.83720336e-48
325.52	2.83720336e-48
326.27	2.83720336e-48
327.02	2.83720336e-48
327.77	2.83720336e-48
328.53	2.8375402500000004e-48
329.29	2.8375402500000004e-48
330.05	2.8375402500000004e-48
330.81	2.8378771600000004e-48
331.57	2.8378771600000004e-48
332.34	2.838214090000001e-48
333.1	2.838214090000001e-48
333.87	2.83855104e-48
334.64	2.83855104e-48
335.41	2.83888801e-48
336.19	2.8392250000000005e-48
336.96	2.8392250000000005e-48
337.74	2.83956201e-48
338.52	2.83989904e-48
339.3	2.8402360899999993e-48
340.08	2.840573159999999e-48
340.86	2.840910250000001e-48
341.65	2.84124736e-48
342.44	2.8415844900000006e-48
343.23	2.8419216400000007e-48
344.02	2.8422588099999995e-48
344.81	2.842933209999999e-48
345.61	2.8432704399999996e-48
346.4	2.84360769e-48
347.2	2.84428225e-48
348.0	2.8446195600000007e-48
348.81	2.84529424e-48
349.61	2.84563161e-48
350.42	2.84630641e-48
351.23	2.84664384e-48
352.04	2.847318759999999e-48
352.85	2.84799376e-48
353.66	2.848668840000001e-48
354.48	2.8493440000000015e-48
355.29	2.84968161e-48
356.11	2.8503568899999996e-48
356.93	2.851032249999999e-48
357.76	2.851707690000001e-48
358.58	2.8527210000000005e-48
359.41	2.85339664e-48
360.24	2.8540723599999995e-48
361.07	2.85474816e-48
361.9	2.855424040000001e-48
362.74	2.85643801e-48
363.57	2.85711409e-48
364.41	2.858128360000001e-48
365.25	2.85880464e-48
366.09	2.859819210000001e-48
366.94	2.86049569e-48
367.78	2.86151056e-48
368.63	2.862525610000001e-48
369.48	2.8635408400000003e-48
370.33	2.86421776e-48
371.19	2.8652332899999995e-48
372.04	2.8662490000000003e-48
372.9	2.86726489e-48
373.76	2.86828096e-48
374.62	2.8692972099999997e-48
375.49	2.8706524899999995e-48
376.35	2.871669160000001e-48
377.22	2.87268601e-48
378.09	2.873703040000001e-48
378.96	2.87505936e-48
379.84	2.87607681e-48
380.71	2.87743369e-48
381.59	2.8784515600000006e-48
382.47	2.8798089999999994e-48
383.35	2.88082729e-48
384.24	2.88218529e-48
385.12	2.883543609999999e-48
386.01	2.8849022500000004e-48
386.9	2.88592144e-48
387.79	2.88728064e-48
388.69	2.88864016e-48
389.58	2.89e-48
390.48	2.89170025e-48
391.38	2.89306081e-48
392.28	2.89442169e-48
393.19	2.89578289e-48
394.1	2.89714441e-48
395.0	2.8988467600000004e-48
395.92	2.900209e-48
396.83	2.9019122499999994e-48
397.74	2.903275210000001e-48
398.66	2.90497936e-48
399.58	2.90668401e-48
400.5	2.90804809e-48
401.43	2.9097536400000007e-48
402.35	2.9114596899999995e-48
403.28	2.91316624e-48
404.21	2.9148732900000003e-48
405.14	2.916580839999999e-48
406.08	2.9182888899999995e-48
407.01	2.91999744e-48
407.95	2.92170649e-48
408.89	2.923416039999999e-48
409.83	2.92546816e-48
410.78	2.92717881e-48
411.73	2.929232250000001e-48
412.68	2.930944e-48
413.63	2.9329987600000005e-48
414.58	2.9347116099999995e-48
415.54	2.93676769e-48
416.5	2.9388244899999993e-48
417.46	2.940539040000001e-48
418.42	2.9425971600000005e-48
419.38	2.944656e-48
420.35	2.94671556e-48
421.32	2.94877584e-48
422.29	2.95083684e-48
423.27	2.9532422499999985e-48
424.24	2.9553048100000006e-48
425.22	2.95736809e-48
426.2	2.9594320899999996e-48
427.18	2.9618410000000005e-48
428.17	2.9639065599999996e-48
429.16	2.966317289999999e-48
430.15	2.968729e-48
431.14	2.9707969599999996e-48
432.13	2.9732104900000005e-48
433.13	2.975625e-48
434.13	2.9780404899999997e-48
435.13	2.9804569599999997e-48
436.13	2.982874409999999e-48
437.14	2.98529284e-48
438.14	2.98771225e-48
439.16	2.990132639999999e-48
440.17	2.9925540100000006e-48
441.18	2.99497636e-48
442.2	2.99774596e-48
443.22	3.00017041e-48
444.24	3.002942410000001e-48
445.27	3.005368960000001e-48
446.29	3.00814336e-48
447.32	3.010919040000001e-48
448.35	3.013696000000001e-48
449.39	3.0161268899999994e-48
450.42	3.0189062500000005e-48
451.46	3.021686890000001e-48
452.5	3.024468810000001e-48
453.55	3.0276e-48
454.59	3.030384639999999e-48
455.64	3.033170560000001e-48
456.69	3.0359577600000004e-48
457.75	3.039094890000001e-48
458.8	3.04188481e-48
459.86	3.0450250000000003e-48
460.92	3.04816681e-48
461.98	3.05096089e-48
463.05	3.054105760000001e-48
464.12	3.05725225e-48
465.19	3.06040036e-48
466.26	3.06355009e-48
467.33	3.0667014400000005e-48
468.41	3.06985441e-48
469.49	3.0733596100000003e-48
470.57	3.076516000000001e-48
471.66	3.07967401e-48
472.75	3.083184809999999e-48
473.84	3.0866976099999996e-48
474.93	3.0902124100000004e-48
476.02	3.09372921e-48
477.12	3.0972480100000004e-48
478.22	3.1007688099999995e-48
479.33	3.10429161e-48
480.43	3.1081689999999996e-48
481.54	3.1120488099999994e-48
482.65	3.1159310400000005e-48
483.76	3.1201689599999995e-48
484.88	3.12440976e-48
486.0	3.1290072100000006e-48
487.12	3.13396209e-48
488.24	3.13962961e-48
489.37	3.14636644e-48
490.49	3.155241689999999e-48
491.63	3.1676880400000013e-48
492.76	3.189796e-48
493.9	3.2414401600000004e-48
495.03	3.453278890000001e-48
496.18	1.1721721690000004e-47
497.32	3.908924410000001e-48
498.47	3.305124e-48
499.62	3.2256160000000004e-48
500.77	3.2030260900000003e-48
501.92	3.19551376e-48
503.08	3.193369e-48
504.24	3.19372641e-48
505.4	3.19551376e-48
506.57	3.1983745600000005e-48
507.74	3.20123664e-48
508.91	3.2048160399999997e-48
510.08	3.208397439999999e-48
511.26	3.2119808399999997e-48
512.44	3.215924889999999e-48
513.62	3.219871359999999e-48
514.8	3.22382025e-48
515.99	3.22813089e-48
517.18	3.232444410000001e-48
518.37	3.23676081e-48
519.57	3.2410800899999996e-48
520.77	3.24540225e-48
521.97	3.2497272899999997e-48
523.17	3.25405521e-48
524.38	3.258747039999999e-48
525.59	3.26308096e-48
526.8	3.2677792900000006e-48
528.01	3.272481000000001e-48
529.23	3.27718609e-48
530.45	3.28189456e-48
531.67	3.2866064100000005e-48
532.9	3.2913216400000007e-48
534.13	3.29604025e-48
535.36	3.30076224e-48
536.6	3.3058512400000006e-48
537.83	3.3105802499999996e-48
539.07	3.31567681e-48
540.32	3.320412839999999e-48
541.56	3.325516960000001e-48
542.81	3.3306249999999995e-48
544.06	3.3357369599999996e-48
545.32	3.3408528400000006e-48
546.57	3.34597264e-48
547.84	3.3510963599999994e-48
549.1	3.356224e-48
550.36	3.36135556e-48
551.63	3.36685801e-48
552.91	3.371997690000001e-48
554.18	3.3775088400000005e-48
555.46	3.38265664e-48
556.74	3.388176490000001e-48
558.02	3.3937008400000005e-48
559.31	3.3992296899999985e-48
560.6	3.4047630399999995e-48
561.89	3.4103008899999994e-48
563.19	3.4158432400000005e-48
564.49	3.42139009e-48
565.79	3.42694144e-48
567.09	3.4328678399999995e-48
568.4	3.4384284899999994e-48
569.71	3.4443648100000006e-48
571.03	3.4499347599999987e-48
572.34	3.455881e-48
573.66	3.46183236e-48
574.99	3.46778884e-48
576.31	3.473750439999999e-48
577.64	3.4797171600000004e-48
578.97	3.4856890000000004e-48
580.31	3.49166596e-48
581.65	3.4980220900000006e-48
582.99	3.504009610000001e-48
584.33	3.5103769599999994e-48
585.68	3.5163750400000005e-48
587.03	3.5227536099999997e-48
588.38	3.52913796e-48
589.74	3.5351520400000015e-48
591.1	3.541547609999999e-48
592.46	3.5479489600000004e-48
593.83	3.5543560899999995e-48
595.2	3.5611464100000005e-48
596.57	3.567565440000001e-48
597.95	3.5739902499999997e-48
599.33	3.58079929e-48
600.71	3.5872360000000007e-48
602.09	3.5940576399999997e-48
603.48	3.60088576e-48
604.87	3.60772036e-48
606.27	3.61418121e-48
607.67	3.621028410000001e-48
609.07	3.6282630400000004e-48
610.47	3.6351235599999997e-48
611.88	3.6419905600000004e-48
613.29	3.64886404e-48
614.7	3.656126409999999e-48
616.12	3.66301321e-48
617.54	3.6702896399999996e-48
618.97	3.6775732900000004e-48
620.39	3.684864159999999e-48
621.83	3.69216225e-48
623.26	3.699467559999999e-48
624.7	3.7067800900000004e-48
626.14	3.7140998400000005e-48
627.58	3.72142681e-48
629.03	3.7287609999999997e-48
630.48	3.736489000000001e-48
631.93	3.744225000000001e-48
633.39	3.7515816100000003e-48
634.85	3.759333209999999e-48
636.31	3.7670928100000005e-48
637.78	3.7748604100000004e-48
639.25	3.7826360100000005e-48
640.73	3.7904196100000003e-48
642.2	3.7982112100000004e-48
643.68	3.80601081e-48
645.17	3.8142090000000006e-48
646.66	3.822024999999999e-48
648.15	3.8302404099999996e-48
649.64	3.8384646399999997e-48
651.14	3.8463054399999996e-48
652.64	3.8545468900000003e-48
654.15	3.8627971600000007e-48
655.66	3.8710562499999994e-48
657.17	3.87932416e-48
658.68	3.8879952400000005e-48
660.2	3.8962812099999994e-48
661.72	3.90497121e-48
663.25	3.913275239999999e-48
664.78	3.9219841599999993e-48
666.31	3.930702759999999e-48
667.85	3.939034089999999e-48
669.39	3.94777161e-48
670.93	3.9565188100000007e-48
672.48	3.9656739600000005e-48
674.03	3.974440960000001e-48
675.59	3.98321764e-48
677.14	3.99240361e-48
678.7	4.001200090000001e-48
680.27	4.01040676e-48
681.84	4.01962401e-48
683.41	4.028450409999999e-48
684.99	4.0376883599999985e-48
686.57	4.04693689e-48
688.15	4.056598810000001e-48
689.74	4.065868960000001e-48
691.33	4.07514969e-48
692.92	4.08484521e-48
694.52	4.09414756e-48
696.12	4.10386564e-48
697.73	4.11359524e-48
699.33	4.122930249999999e-48
700.95	4.1326824100000007e-48
702.56	4.142446090000001e-48
704.18	4.15262884e-48
705.81	4.16241604e-48
707.44	4.1722147599999994e-48
709.07	4.1824340100000014e-48
710.7	4.19225625e-48
712.34	4.2024999999999985e-48
713.98	4.2127562500000024e-48
715.63	4.223025000000001e-48
717.28	4.23330625e-48
718.93	4.2436e-48
720.59	4.253906250000001e-48
722.25	4.2642249999999995e-48
723.92	4.2749697600000016e-48
725.59	4.2853140100000004e-48
727.26	4.29608529e-48
728.94	4.3064550400000014e-48
730.62	4.317252839999999e-48
732.3	4.32806416e-48
733.99	4.3388890000000004e-48
735.69	4.34972736e-48
737.38	4.360996889999999e-48
739.08	4.37186281e-48
740.79	4.382742250000001e-48
742.5	4.394054439999999e-48
744.21	4.40538121e-48
745.92	4.416302249999999e-48
747.64	4.4276576400000007e-48
749.37	4.43902761e-48
751.1	4.45041216e-48
752.83	4.4622337600000014e-48
754.56	4.473648009999999e-48
756.3	4.48507684e-48
758.05	4.4969443600000005e-48
759.8	4.5088275600000015e-48
761.55	4.52030121e-48
763.3	4.532215209999998e-48
765.06	4.5441448899999997e-48
766.83	4.5560902499999994e-48
768.6	4.56847876e-48
770.37	4.5804560400000016e-48
772.15	4.5924490000000016e-48
773.93	4.60488681e-48
775.71	4.6169116900000004e-48
777.5	4.629382560000001e-48
779.29	4.641870250000001e-48
781.09	4.6543747599999996e-48
782.89	4.6668960899999986e-48
784.7	4.6794342399999986e-48
786.51	4.6924224399999997e-48
788.32	4.70499481e-48
790.14	4.718018409999999e-48
791.96	4.730625e-48
793.79	4.7436840000000006e-48
795.62	4.756761000000001e-48
797.45	4.769856e-48
799.29	4.7829689999999997e-48
801.13	4.7961000000000004e-48
802.98	4.80968761e-48
804.83	4.8228552100000005e-48
806.69	4.83648064e-48
808.55	4.8496848400000006e-48
810.41	4.863348089999999e-48
812.28	4.87703056e-48
814.16	4.8907322499999994e-48
816.03	4.9044531599999993e-48
817.91	4.918636839999999e-48
819.8	4.932396809999998e-48
821.69	4.9461760000000014e-48
823.59	4.9604198399999996e-48
825.49	4.9746841599999996e-48
827.39	4.9889689599999996e-48
829.3	5.0032742400000015e-48
831.21	5.017600000000001e-48
833.13	5.031946239999999e-48
835.05	5.0463129599999994e-48
836.97	5.06115009e-48
838.9	5.07555841e-48
840.84	5.09043844e-48
842.78	5.1053402500000004e-48
844.72	5.119811290000001e-48
846.67	5.135209209999998e-48
848.62	5.15017636e-48
850.58	5.165165289999999e-48
852.54	5.180175999999999e-48
854.5	5.19566436e-48
856.47	5.210719290000002e-48
858.45	5.2262532099999993e-48
860.43	5.2418102499999986e-48
862.41	5.2573904099999994e-48
864.4	5.27299369e-48
866.4	5.2886200900000007e-48
868.39	5.3047302400000006e-48
870.4	5.3204035599999996e-48
872.4	5.336562009999999e-48
874.41	5.35274496e-48
876.43	5.3684889999999993e-48
878.45	5.3847202500000007e-48
880.48	5.400975999999999e-48
882.51	5.41772176e-48
884.54	5.4340272100000016e-48
886.58	5.450357159999999e-48
888.63	5.467179240000001e-48
890.68	5.48402724e-48
892.73	5.500901160000001e-48
894.79	5.517801000000001e-48
896.85	5.53472676e-48
898.92	5.55167844e-48
900.99	5.568656040000001e-48
903.07	5.586132250000001e-48
905.15	5.603162410000001e-48
907.24	5.62069264e-48
909.33	5.63825025e-48
911.43	5.65583524e-48
913.53	5.673447610000001e-48
915.64	5.69108736e-48
917.75	5.708754489999999e-48
919.87	5.726927610000001e-48
921.99	5.745129610000002e-48
924.11	5.76288036e-48
926.25	5.781139360000001e-48
928.38	5.79942724e-48
930.52	5.817744000000001e-48
932.67	5.83608964e-48
934.82	5.854948090000001e-48
936.97	5.87335225e-48
939.13	5.89227076e-48
941.3	5.91121969e-48
943.47	5.93019904e-48
945.65	5.94920881e-48
947.83	5.968249000000001e-48
950.01	5.987319609999999e-48
952.2	6.006910809999999e-48
954.4	6.026043040000002e-48
956.6	6.04569744e-48
958.81	6.06538384e-48
961.02	6.08510224e-48
963.23	6.104852640000001e-48
965.45	6.124635039999999e-48
967.68	6.14444944e-48
969.91	6.164792410000001e-48
972.15	6.18467161e-48
974.39	6.205081000000001e-48
976.64	6.225524009999999e-48
978.89	6.246500489999998e-48
981.15	6.267011560000001e-48
983.41	6.28805776e-48
985.68	6.30913924e-48
987.95	6.331765690000001e-48
990.23	6.360483999999999e-48
992.51	6.954296410000001e-48
994.8	6.41153041e-48
997.1	6.417608890000001e-48
999.39	6.436369e-48
1001.7	6.45718921e-48
1004.0	6.47855209e-48
1006.3	6.49995025e-48
1008.6	6.52189444e-48
1011.0	6.543364e-48
1013.3	6.56538129e-48
1015.6	6.587435560000002e-48
1018.0	6.610041000000001e-48
1020.3	6.632170089999999e-48
1022.7	6.654852089999998e-48
1025.0	6.677055999999998e-48
1027.4	6.69981456e-48
1029.8	6.72261184e-48
1032.1	6.74544784e-48
1034.5	6.768842890000001e-48
1036.9	6.79175721e-48
1039.3	6.815232359999999e-48
1041.7	6.838225000000001e-48
1044.1	6.861780250000001e-48
1046.5	6.885375999999997e-48
1048.9	6.909012249999998e-48
1051.3	6.93321561e-48
1053.8	6.956933760000002e-48
1056.2	6.98122084e-48
1058.6	7.005020890000001e-48
1061.1	7.02939169e-48
1063.5	7.05380481e-48
1066.0	7.078260249999999e-48
1068.4	7.103291039999999e-48
1070.9	7.12783204e-48
1073.4	7.152950250000001e-48
1075.8	7.17757681e-48
1078.3	7.202782440000001e-48
1080.8	7.22803225e-48
1083.3	7.25332624e-48
1085.8	7.279204e-48
1088.3	7.30458729e-48
1090.8	7.33055625e-48
1093.3	7.356028840000001e-48
1095.8	7.382089000000001e-48
1098.4	7.408195239999999e-48
1100.9	7.434892890000001e-48
1103.4	7.461092249999999e-48
1106.0	7.487337689999999e-48
1108.5	7.514177439999999e-48
1111.1	7.541065210000003e-48
1113.7	7.568001000000001e-48
1116.2	7.594984809999999e-48
1118.8	7.622016640000001e-48
1121.4	7.649096489999998e-48
1124.0	7.676778490000001e-48
1126.6	7.70395536e-48
1129.2	7.731736360000001e-48
1131.8	7.759567360000002e-48
1134.4	7.78744836e-48
1137.0	7.815938489999999e-48
1139.6	7.84392049e-48
1142.2	7.871952489999999e-48
1144.9	7.900596639999999e-48
1147.5	7.92929281e-48
1150.2	7.958041000000001e-48
1152.8	7.986841209999999e-48
1155.5	8.016259690000001e-48
1158.1	8.045164959999999e-48
1160.8	8.07469056e-48
1163.5	8.103700889999999e-48
1166.2	8.133333610000002e-48
1168.9	8.163591840000002e-48
1171.5	8.193333760000002e-48
1174.2	8.223129759999999e-48
1177.0	8.25355441e-48
1179.7	8.283459609999998e-48
1182.4	8.313995559999998e-48
1185.1	8.344587689999999e-48
1187.9	8.375814809999998e-48
1190.6	8.40652036e-48
1193.3	8.437282090000001e-48
1196.1	8.468682009999999e-48
1198.8	8.50014025e-48
1201.6	8.53165681e-48
1204.4	8.563231689999998e-48
1207.2	8.59486489e-48
1209.9	8.627143839999999e-48
1212.7	8.658894760000002e-48
1215.5	8.691293610000001e-48
1218.3	8.723752959999998e-48
1221.1	8.756272809999998e-48
1224.0	8.78885316e-48
1226.8	8.822088039999999e-48
1229.6	8.854790489999998e-48
1232.4	8.888149690000003e-48
1235.3	8.92157161e-48
1238.1	8.955056249999998e-48
1241.0	8.988603610000001e-48
1243.9	9.022213690000001e-48
1246.7	9.056488359999998e-48
1249.6	9.090828009999999e-48
1252.5	9.125232640000001e-48
1255.4	9.15970225e-48
1258.3	9.194236839999999e-48
1261.2	9.228836410000003e-48
1264.1	9.264109689999997e-48
1267.0	9.29884036e-48
1269.9	9.334247040000001e-48
1272.8	9.369721e-48
1275.8	9.405262240000001e-48
1278.7	9.44148529e-48
1281.7	9.47716225e-48
1284.6	9.513523360000001e-48
1287.6	9.549954090000002e-48
1290.5	9.586454440000001e-48
1293.5	9.623024410000002e-48
1296.5	9.659663999999997e-48
1299.5	9.696996e-48
1302.5	9.733776009999999e-48
1305.5	9.771250810000001e-48
1308.5	9.808797609999999e-48
1311.5	9.84641641e-48
1314.5	9.884735999999997e-48
1317.6	9.9225e-48
1320.6	9.96096721e-48
1323.7	9.999508839999998e-48
1326.7	1.0038124890000001e-47
1329.8	1.0076815359999997e-47
1332.8	1.011621636e-47
1335.9	1.0155056890000003e-47
1339.0	1.0194610410000002e-47
1342.1	1.0234240809999998e-47
1345.2	1.0273948089999996e-47
1348.3	1.031373225e-47
1351.4	1.0354236839999999e-47
1354.5	1.0394175999999997e-47
1357.6	1.0434838090000002e-47
1360.8	1.0475579559999999e-47
1363.9	1.0516400409999998e-47
1367.0	1.0557300640000002e-47
1370.2	1.0598931359999997e-47
1373.4	1.0639991609999996e-47
1376.5	1.0681784890000001e-47
1379.7	1.0723660090000001e-47
1382.9	1.0765617210000002e-47
1386.1	1.0808313759999996e-47
1389.3	1.0850435999999997e-47
1392.5	1.0893300249999997e-47
1395.7	1.0936248999999997e-47
1398.9	1.0979282249999997e-47
1402.1	1.1022400000000002e-47
1405.4	1.1066267560000003e-47
1408.6	1.110955561e-47
1411.8	1.1153596089999997e-47
1415.1	1.1197723690000003e-47
1418.4	1.1241938410000004e-47
1421.6	1.1286912159999997e-47
1424.9	1.133130244e-47
1428.2	1.1376454409999997e-47
1431.5	1.1421696160000003e-47
1434.8	1.1467027689999996e-47
1438.1	1.1512449000000002e-47
1441.4	1.155796009e-47
1444.7	1.1604242250000004e-47
1448.1	1.165061689e-47
1451.4	1.1697084010000003e-47
1454.8	1.174364361e-47
1458.1	1.1790295689999997e-47
1461.5	1.1837728359999999e-47
1464.8	1.1885256249999998e-47
1468.2	1.1932879360000005e-47
1471.6	1.198059769e-47
1475.0	1.202841124e-47
1478.4	1.2077015039999998e-47
1481.8	1.2125716840000002e-47
1485.2	1.2175214489999998e-47
1488.7	1.2278015999999997e-47
1492.1	1.2274512249999996e-47
1495.5	1.232150404e-47
1499.0	1.237069584e-47
1502.4	1.2420690490000003e-47
1505.9	1.2470785960000003e-47
1509.4	1.252098225e-47
1512.9	1.257198849e-47
1516.3	1.262238784e-47
1519.8	1.2673600000000002e-47
1523.3	1.272491584e-47
1526.9	1.277633536e-47
1530.4	1.282785856e-47
1533.9	1.2880203210000003e-47
1537.4	1.2931935209999998e-47
1541.0	1.2984491560000002e-47
1544.5	1.3037876639999997e-47
1548.1	1.3090647610000001e-47
1551.7	1.314352516e-47
1555.3	1.319723584e-47
1558.8	1.3251056040000001e-47
1562.4	1.3304985760000004e-47
1566.0	1.3359024999999997e-47
1569.6	1.3413906249999997e-47
1573.3	1.3468166010000005e-47
1576.9	1.3523270760000004e-47
1580.5	1.3578488010000001e-47
1584.2	1.363455625e-47
1587.8	1.3689999999999998e-47
1591.5	1.374629776e-47
1595.2	1.3802711039999998e-47
1598.8	1.385923984e-47
1602.5	1.3915884160000003e-47
1606.2	1.3973391610000005e-47
1609.9	1.4030268489999995e-47
1613.6	1.4088011560000002e-47
1617.4	1.4145873209999996e-47
1621.1	1.4203853439999997e-47
1624.8	1.426270756e-47
1628.6	1.4321683360000006e-47
1632.3	1.438078084e-47
1636.1	1.4439999999999996e-47
1639.9	1.449934084e-47
1643.6	1.4558803359999998e-47
1647.4	1.461915225e-47
1651.2	1.4679625960000002e-47
1655.0	1.4740224489999999e-47
1658.9	1.4801717290000005e-47
1662.7	1.486256704e-47
1666.5	1.492431424e-47
1670.4	1.498618944e-47
1674.2	1.504819264e-47
1678.1	1.511032384e-47
1681.9	1.5173362090000003e-47
1685.8	1.5236531559999995e-47
1689.7	1.5299832250000004e-47
1693.6	1.5363264160000003e-47
1697.5	1.542682729e-47
1701.4	1.5491308810000002e-47
1705.4	1.5555924810000002e-47
1709.3	1.5620675290000003e-47
1713.2	1.5685560250000005e-47
1717.2	1.5751373439999999e-47
1721.1	1.5817324409999997e-47
1725.1	1.5882616089999999e-47
1729.1	1.5949639690000002e-47
1733.1	1.6016004e-47
1737.1	1.6083308159999997e-47
1741.1	1.6149949690000003e-47
1745.1	1.621753441e-47
1749.1	1.6286067359999993e-47
1753.1	1.6353935999999996e-47
1757.2	1.6422756250000003e-47
1761.2	1.6491720999999997e-47
1765.3	1.6560830249999998e-47
1769.4	1.6630084000000005e-47
1773.5	1.6700299559999998e-47
1777.5	1.6769844010000004e-47
1781.6	1.6840353690000002e-47
1785.8	1.691101129e-47
1789.9	1.6982641000000002e-47
1794.0	1.7054422089999998e-47
1798.1	1.7125526890000002e-47
1802.3	1.7197609e-47
1806.4	1.7270673639999999e-47
1810.6	1.734306025e-47
1814.8	1.741643289e-47
1819.0	1.748996041e-47
1823.2	1.756364281e-47
1827.4	1.7638320039999997e-47
1831.6	1.7712313959999996e-47
1835.8	1.7787306250000008e-47
1840.0	1.7862456959999998e-47
1844.3	1.7938613160000007e-47
1848.5	1.8014082489999998e-47
1852.8	1.809056089e-47
1857.1	1.816720129e-47
1861.3	1.824400369e-47
1865.6	1.8321824160000006e-47
1869.9	1.8399810249999998e-47
1874.3	1.847710225e-47
1878.6	1.8556279289999997e-47
1882.9	1.8634762240000001e-47
1887.2	1.8714276000000006e-47
1891.6	1.879395904e-47
1896.0	1.887381136e-47
1900.3	1.8953832960000002e-47
1904.7	1.9034896410000002e-47
1909.1	1.9115258409999998e-47
1913.5	1.9197542249999998e-47
1917.9	1.9279124639999998e-47
1922.3	1.9360880009999997e-47
1926.8	1.9443690250000002e-47
1931.2	1.952667721e-47
1935.7	1.9609840889999998e-47
1940.1	1.9694068840000001e-47
1944.6	1.977758784e-47
1949.1	1.9862174890000002e-47
1953.6	1.9947835690000002e-47
1958.1	2.0032785639999997e-47
1962.6	2.0118813160000003e-47
1967.1	2.0205025000000002e-47
1971.7	2.0291421159999997e-47
1976.2	2.0378001639999996e-47
1980.8	2.0465671210000007e-47
1985.3	2.0632489289999998e-47
1989.9	2.064157489e-47
1994.5	2.0729808999999997e-47
1999.1	2.0819143840000006e-47
2003.7	2.0908670760000002e-47
2008.3	2.0998389760000001e-47
2013.0	2.1088300839999997e-47
2017.6	2.1179324409999996e-47
2022.3	2.1270544e-47
2026.9	2.136195961e-47
2031.6	2.145357124e-47
2036.3	2.1546307240000002e-47
2041.0	2.1638312890000002e-47
2045.7	2.1732379240000002e-47
2050.4	2.1825715240000005e-47
2055.1	2.191925124e-47
2059.9	2.2013925610000003e-47
2064.6	2.2108804e-47
2069.4	2.220482884e-47
2074.2	2.230011729e-47
2078.9	2.2396556249999997e-47
2083.7	2.249320329e-47
2088.5	2.2591009e-47
2093.4	2.2688074240000004e-47
2098.2	2.278630225000001e-47
2103.0	2.2884742440000004e-47
2107.9	2.2984353640000003e-47
2112.7	2.3083220249999997e-47
2117.6	2.3183262009999996e-47
2122.5	2.3283520090000004e-47
2127.4	2.338496164e-47
2132.3	2.3486623690000004e-47
2137.2	2.358753489e-47
2142.1	2.3690609289999997e-47
2147.1	2.3792932839999994e-47
2152.0	2.389645456e-47
2157.0	2.4000201e-47
2162.0	2.410417216000001e-47
2167.0	2.420935209e-47
2171.9	2.431377481e-47
2177.0	2.4419410560000005e-47
2182.0	2.452626576e-47
2187.0	2.4632361609999995e-47
2192.1	2.4739681210000004e-47
2197.1	2.484723409e-47
2202.2	2.4956019359999995e-47
2207.3	2.5064040960000005e-47
2212.3	2.517329929e-47
2217.4	2.528279524e-47
2222.6	2.539353664e-47
2227.7	2.550452004e-47
2232.8	2.561574544e-47
2238.0	2.572721284e-47
2243.1	2.5838922239999994e-47
2248.3	2.5951892489999997e-47
2253.5	2.606510916e-47
2258.7	2.617959556e-47
2263.9	2.6293307289999994e-47
2269.1	2.6408293209999997e-47
2274.3	2.652353001e-47
2279.6	2.6640049959999997e-47
2284.8	2.6756825289999997e-47
2290.1	2.6873856e-47
2295.4	2.6991142089999996e-47
2300.7	2.710972489e-47
2306.0	2.7227524000000004e-47
2311.3	2.734767025e-47
2316.6	2.7467032809999998e-47
2322.0	2.7587705759999996e-47
2327.3	2.7708643210000003e-47
2332.7	2.7829845160000007e-47
2338.1	2.7952369000000013e-47
2343.5	2.807410224999999e-47
2348.9	2.819716201e-47
2354.3	2.832155523999999e-47
2359.7	2.844622225e-47
2365.2	2.857116304e-47
2370.6	2.869637761e-47
2376.1	2.8821865959999994e-47
2381.6	2.894870416e-47
2387.1	2.9075820839999994e-47
2392.6	2.920429680999999e-47
2398.1	2.9331972809999996e-47
2403.6	2.9461012840000005e-47
2409.2	2.9591424039999996e-47
2414.7	2.972103289e-47
2420.3	2.985201769e-47
2425.9	2.998329049e-47
2431.5	3.0115948839999995e-47
2437.1	3.0247800039999996e-47
2442.7	3.0382144000000005e-47
2448.3	3.0515680809999995e-47
2454.0	3.0650617689999995e-47
2459.6	3.0784742560000003e-47
2465.3	3.092138449e-47
2471.0	3.105721440999999e-47
2476.7	3.119445904e-47
2482.4	3.1379042890000002e-47
2488.1	3.1470978010000003e-47
2493.8	3.1609132840000007e-47
2499.6	3.1748717160000004e-47
2505.4	3.1889738410000005e-47
2511.1	3.202994025000001e-47
2516.9	3.217158400000001e-47
2522.7	3.231467716e-47
2528.5	3.245694841e-47
2534.4	3.260067409e-47
2540.2	3.2744717289999993e-47
2546.1	3.2890224999999995e-47
2552.0	3.3034905760000005e-47
2557.8	3.3181056090000006e-47
2563.7	3.3328683610000004e-47
2569.6	3.347548164e-47
2575.6	3.3624921690000006e-47
2581.5	3.3773532249999996e-47
2587.5	3.392247049e-47
2593.4	3.407290384e-47
2599.4	3.422484004e-47
2605.4	3.4375941610000007e-47
2611.4	3.452855121e-47
2617.4	3.468149881e-47
2623.5	3.483596484e-47
2629.5	3.499077409e-47
2635.6	3.514592656e-47
2641.7	3.5301422249999996e-47
2647.8	3.545845209e-47
2653.9	3.561583041e-47
2660.0	3.577475344e-47
2666.1	3.593283136e-47
2672.3	3.609245929e-47
2678.4	3.6253645209999995e-47
2684.6	3.641519025e-47
2690.8	3.657709441000001e-47
2697.0	3.673935769e-47
2703.2	3.690319503999999e-47
2709.5	3.7067396890000003e-47
2715.7	3.723196324e-47
2722.0	3.7398117160000005e-47
2728.2	3.7564641000000003e-47
2734.5	3.7731534759999994e-47
2740.8	3.790002968999999e-47
2747.2	3.8068900000000007e-47
2753.5	3.8238145690000004e-47
2759.8	3.8409006249999996e-47
2766.2	3.858024769e-47
2772.6	3.875187001000001e-47
2779.0	3.8925121000000007e-47
2785.4	3.9098758410000005e-47
2791.8	3.9272782240000003e-47
2798.2	3.944719249e-47
2804.7	3.9623248090000007e-47
2811.2	3.980095744000001e-47
2817.6	3.997779984e-47
2824.1	4.0156301610000003e-47
2830.7	4.033647120999999e-47
2837.2	4.051577103999999e-47
2843.7	4.0698020249999994e-47
2850.3	4.087939969e-47
2856.9	4.1062463999999986e-47
2863.4	4.124593729000001e-47
2870.1	4.142981956000001e-47
2876.7	4.1615401e-47
2883.3	4.180139716000001e-47
2890.0	4.198780804e-47
2896.6	4.2175932490000004e-47
2903.3	4.236447743999999e-47
2910.0	4.255474756e-47
2916.7	4.2745443999999993e-47
2923.4	4.2936566760000004e-47
2930.2	4.3128115839999996e-47
2936.9	4.3321407610000004e-47
2943.7	4.3515131559999994e-47
2950.5	4.371060995999999e-47
2957.3	4.390652644e-47
2964.1	4.410288099999998e-47
2970.9	4.430100480999999e-47
2977.8	4.450624368999999e-47
2984.7	4.469858449e-47
2991.5	4.489938049000001e-47
2998.4	4.510062649e-47
3005.4	4.530232249e-47
3012.3	4.550581763999999e-47
3019.2	4.570976881e-47
3026.2	4.591553120999999e-47
3033.2	4.612175568999998e-47
3040.2	4.632844224999999e-47
3047.2	4.653695524e-47
3054.2	4.674593641e-47
3061.3	4.695538575999999e-47
3068.3	4.716667684e-47
3075.4	4.737844224000001e-47
3082.5	4.759068196000001e-47
3089.6	4.780477881000002e-47
3096.7	4.801935615999999e-47
3103.9	4.823580303999999e-47
3111.0	4.845273664e-47
3118.2	4.867015696e-47
3125.4	4.888946240999998e-47
3132.6	4.910926084e-47
3139.8	4.932955225000001e-47
3147.0	4.955174449e-47
3154.3	4.977443601e-47
3161.6	4.999904100000001e-47
3168.9	5.022415160999998e-47
3176.2	5.044976784000001e-47
3183.5	5.067731344000001e-47
3190.8	5.090537103999999e-47
3198.2	5.113537080999999e-47
3205.6	5.136445561e-47
3213.0	5.1596925609999975e-47
3220.4	5.182848063999999e-47
3227.8	5.206199716000001e-47
3235.2	5.229748489e-47
3242.7	5.253205441e-47
3250.2	5.277005449000001e-47
3257.7	5.300713635999999e-47
3265.2	5.324620900000002e-47
3272.7	5.348728225e-47
3280.3	5.372743401000001e-47
3287.8	5.396959296000001e-47
3295.4	5.421376899999998e-47
3303.0	5.445849616000001e-47
3310.6	5.470377443999999e-47
3318.3	5.4951086410000015e-47
3325.9	5.519895615999998e-47
3333.6	5.544887295999999e-47
3341.3	5.569786161000001e-47
3349.0	5.595040000000002e-47
3356.7	5.620201024e-47
3364.4	5.645719043999998e-47
3372.2	5.671144249000001e-47
3380.0	5.696777528999999e-47
3387.8	5.722468609000001e-47
3395.6	5.748369123999999e-47
3403.4	5.774328121000001e-47
3411.3	5.800497921e-47
3419.1	5.826726888999999e-47
3427.0	5.853015024999999e-47
3434.9	5.879515683999998e-47
3442.8	5.906076201000001e-47
3450.8	5.932850625e-47
3458.7	5.959685601000001e-47
3466.7	5.986581128999999e-47
3474.7	6.155030115999999e-47
3482.7	6.040864729e-47
3490.7	6.068254200999999e-47
3498.8	6.095705624999999e-47
3506.9	6.123219001e-47
3514.9	6.150951184000001e-47
3523.1	6.178903235999998e-47
3531.2	6.206918656e-47
3539.3	6.2349974440000005e-47
3547.5	6.263139599999998e-47
3555.7	6.291503760999999e-47
3563.9	6.320091001000001e-47
3572.1	6.348743041000002e-47
3580.3	6.377459881e-47
3588.6	6.4064016e-47
3596.8	6.435408841000001e-47
3605.1	6.464642409000002e-47
3613.5	6.4939422249999995e-47
3621.8	6.523308289000001e-47
3630.1	6.5529025e-47
3638.5	6.582563689e-47
3646.9	6.612454489000001e-47
3655.3	6.642413001e-47
3663.7	6.672602595999998e-47
3672.2	6.702860640999999e-47
3680.7	6.733351249000001e-47
3689.1	6.763911048999999e-47
3697.7	6.794540041000002e-47
3706.2	6.825403455999999e-47
3714.7	6.856336809000001e-47
3723.3	6.887506080999998e-47
3731.9	6.918746041e-47
3740.5	6.950223423999999e-47
3749.1	6.981772249000003e-47
3757.8	7.013392515999998e-47
3766.4	7.045252095999999e-47
3775.1	7.077352129e-47
3783.8	7.109525124000003e-47
3792.5	7.141771081000001e-47
3801.3	7.174259401e-47
3810.0	7.206821449e-47
3818.8	7.239627396e-47
3827.6	7.272507841000002e-47
3836.5	7.305462783999999e-47
3845.3	7.338663555999998e-47
3854.2	7.372111321000001e-47
3863.1	7.405635136000002e-47
3872.0	7.439235000999998e-47
3880.9	7.473083809000001e-47
3889.9	7.507182736000002e-47
3898.8	7.541359281000002e-47
3907.8	7.575613443999999e-47
3916.8	7.610119695999999e-47
3925.9	7.644704355999998e-47
3934.9	7.679542688999997e-47
3944.0	7.714460224000001e-47
3953.1	7.749633024e-47
3962.2	7.784885824000001e-47
3971.3	7.821456720999999e-47
3980.5	7.855808689000001e-47
3989.7	7.891657225000001e-47
3998.9	7.927587369000001e-47
4008.1	7.963599120999998e-47
4017.3	7.999871364000001e-47
4026.6	8.036405316000001e-47
4035.9	8.073022499999999e-47
4045.2	8.109722915999998e-47
4054.5	8.146687081e-47
4063.9	8.183916224999998e-47
4073.2	8.221230241000002e-47
4082.6	8.258629129e-47
4092.1	8.296295056e-47
4101.5	8.334046680999998e-47
4110.9	8.372067001000001e-47
4120.4	8.410173849000001e-47
4129.9	8.448551055999997e-47
4139.5	8.487199875999999e-47
4149.0	8.525752225000001e-47
4158.6	8.564762115999999e-47
4168.2	8.603675536000004e-47
4177.8	8.643049023999999e-47
4187.4	8.6825124e-47
4197.1	8.722065664e-47
4206.7	8.761896025e-47
4216.4	8.801817124e-47
4226.2	8.842017024e-47
4235.9	8.882308515999999e-47
4245.7	8.922880521e-47
4255.5	8.963544976e-47
4265.3	9.004491664000002e-47
4275.1	9.045721881e-47
4285.0	9.087046276e-47
4294.8	9.128464849e-47
4304.8	9.170169121e-47
4314.7	9.211968441e-47
4324.6	9.254055204000002e-47
4334.6	9.296430724e-47
4344.6	9.338903044000002e-47
4354.6	9.381472164e-47
4364.7	9.424332241e-47
4374.7	9.467484601e-47
4384.8	9.510735529000002e-47
4394.9	9.554085025e-47
4405.1	9.597729023999997e-47
4415.2	9.641668864000003e-47
4425.4	9.685709056e-47
4435.6	9.730046881e-47
4445.8	9.774485956e-47
4456.1	9.819224464000001e-47
4466.4	9.864263761000002e-47
4476.7	9.909207025e-47
4487.0	9.954451984000001e-47
4497.3	9.999999999999998e-47
4507.7	1.00460529e-46
4518.1	1.0092211599999997e-46
4528.5	1.01384761e-46
4539.0	1.01848464e-46
4549.4	1.02313225e-46
4559.9	1.0277904399999999e-46
4570.4	1.0324592099999998e-46
4581.0	1.0371385599999997e-46
4591.5	1.04203264e-46
4602.1	1.0467336099999997e-46
4612.7	1.0514451600000003e-46
4623.4	1.0563728399999996e-46
4634.0	1.0611060099999996e-46
4644.7	1.0660562499999996e-46
4655.4	1.0708110399999996e-46
4666.2	1.0757838400000002e-46
4676.9	1.0807681599999998e-46
4687.7	1.0857639999999999e-46
4698.5	1.09056249e-46
4709.4	1.09558089e-46
4720.2	1.1006108099999998e-46
4731.1	1.1056522500000004e-46
4742.0	1.1107052100000003e-46
4752.9	1.1157696899999997e-46
4763.9	1.1210574399999998e-46
4774.9	1.12614544e-46
4785.9	1.13124496e-46
4796.9	1.136356e-46
4808.0	1.14169225e-46
4819.1	1.1468268100000003e-46
4830.2	1.1521875600000003e-46
4841.3	1.1573456399999998e-46
4852.5	1.1627308899999997e-46
4863.7	1.16812864e-46
4874.9	1.1735388900000002e-46
4886.1	1.1787444900000004e-46
4897.4	1.1841792399999998e-46
4908.7	1.1896264899999998e-46
4920.0	1.1950862400000002e-46
4931.4	1.2005584900000002e-46
4942.7	1.2060432400000001e-46
4954.1	1.2115404899999998e-46
4965.6	1.2172708899999999e-46
4977.0	1.22279364e-46
4988.5	1.2283288900000001e-46
5000.0	1.2340988100000004e-46
